5.28748 -0.0489502 -0.307739 0.11499 
5.2865 0.275757 0.122559 -0.0623779 
5.28723 -0.0983887 0.225952 0.0100098 
5.28906 0.259644 0.052124 -0.137329 
5.28601 0.148071 -0.279419 -0.0518799 
5.302 -0.108887 -0.225098 0.24353 
5.2782 0.125122 -0.0651855 -0.0361328 
5.29675 -0.239136 0.186401 -0.189453 
5.2821 -0.189819 0.052002 0.123657 
5.28076 0.131104 -0.142822 0.113037 
5.28992 -0.143921 -0.210571 0.171753 
5.29187 0.274048 0.00183105 -0.205078 
5.31042 -0.426025 -0.370972 0.132935 
5.31238 0.026001 0.478149 -0.325562 
5.30579 -0.459229 0.00744629 0.115356 
5.28613 -0.153198 0.200684 -0.171875 
5.2948 -0.095459 -0.348755 0.156616 
5.29602 0.13855 0.239136 -0.0793457 
5.28162 0.0264893 0.195435 -0.0501709 
5.29749 0.225708 0.310791 0.190308 
5.28967 0.236084 0.0697021 -0.046875 
5.29614 0.0134277 -0.205444 -0.230347 
5.29053 -0.295044 0.134033 -0.100586 
5.28503 0.234375 0.160767 0.0393066 
5.29102 0.39917 0.0706787 0.0534668 
5.29382 0.296021 -0.0891113 -0.161865 
5.29407 -0.2323 0.223755 -0.0297852 
5.28906 0.296997 -0.0535889 0.104614 
5.29382 -0.217163 -0.272705 0.12915 
5.29395 -0.159912 0.251221 -0.083374 
5.27612 0.138916 0.0788574 -0.0146484 
5.28442 -0.246338 -0.134766 -0.100586 
5.28503 -0.09021 0.106689 -0.264282 
5.28955 0.312134 0.138184 0.00646973 
5.28613 -0.0526123 -0.30603 -0.020874 
5.28735 0.113159 -0.0592041 0.301392 
5.29956 0.0201416 -0.227051 -0.209595 
5.28369 -0.27002 0.0541992 -0.0020752 
5.28027 -0.123047 -0.179688 0.107422 
5.28149 -0.221924 -0.0675049 -0.0535889 
5.29126 -0.203003 -0.0333252 -0.334473 
5.29504 0.0418701 -0.322632 0.284424 
5.29626 0.109619 0.142456 0.266602 
5.28979 0.294922 0.0560303 0.0822754 
5.29285 -0.302856 -0.238892 0.141846 
5.30383 0.0621338 0.331543 -0.010498 
5.29187 0.113403 0.320801 0.064209 
5.32983 0.562988 0.603394 0.278442 
5.28308 0.234741 0.0823975 -0.0865479 
5.29565 0.0354004 0.33728 0.0240479 
5.29028 0.234375 0.245117 -0.0389404 
5.28979 0.251221 0.183228 0.177246 
5.32043 0.0716553 -0.515503 0.416016 
5.29102 -0.266846 -0.00439453 -0.125122 
5.28552 0.141846 -0.203125 -0.161743 
5.28235 0.160034 -0.0343018 0.165405 
5.29944 0.00183105 -0.2323 0.187378 
5.32019 0.283936 0.465088 -0.421143 
5.30859 0.581299 -0.0117188 0.118652 
5.29041 0.366333 0.0976562 -0.0266113 
5.29163 0.0200195 0.337402 -0.0809326 
5.29834 0.00170898 0.271362 -0.159546 
5.29504 0.339355 -0.057251 0.178101 
5.27405 -0.00134277 0.101685 -0.0258789 
5.2981 -0.373657 0.183472 0.0566406 
5.28503 0.241699 0.0814209 0.111206 
5.29883 -0.0637207 -0.385742 -0.0285645 
5.29639 -0.192383 0.287964 0.276611 
5.31433 0.14502 0.171387 -0.620728 
5.29163 0.299072 0.0700684 -0.0362549 
5.27954 0.0402832 -0.0239258 0.0361328 
5.27612 -0.0148926 0.0666504 -0.118042 
5.29065 0.195679 0.197632 -0.194824 
5.29126 -0.026001 -0.295898 0.0758057 
5.29016 -0.206177 0.0153809 -0.312622 
5.29565 0.126831 0.321167 -0.0362549 
5.29065 -0.0357666 0.184448 -0.265137 
5.29297 0.32312 -0.029541 -0.0650635 
5.32971 -0.47229 0.613037 0.159424 
5.29077 -0.235352 -0.151733 0.247192 
5.28918 -0.0336914 0.295532 -0.0756836 
5.29822 -0.0639648 0.378784 -0.125244 
5.29346 -0.240234 -0.267944 0.129272 
5.29028 -0.169556 -0.0571289 0.228882 
5.27661 -0.0821533 0.0979004 -0.020752 
5.31128 -0.236694 0.401855 0.256714 
5.28149 0.0559082 -0.132324 -0.209961 
5.28748 0.222412 0.088623 0.0269775 
5.29724 0.120483 -0.257202 0.29126 
5.30322 0.0842285 0.460571 -0.125 
5.30188 -0.262817 0.197144 0.142334 
5.27332 0.0498047 -0.0895996 0.079834 
5.27832 -0.171631 -0.00842285 0.111816 
5.2959 -0.168823 -0.284424 -0.148438 
5.29224 -0.252441 0.276367 -0.0375977 
5.28101 0.0479736 0.203613 -0.0455322 
5.29883 -0.260376 -0.0710449 -0.219482 
5.29883 0.252808 0.344727 0.0844727 
5.28491 0.0334473 0.220703 0.0559082 
5.27905 0.0461426 0.184082 -0.0245361 
5.29761 -0.0991211 0.304321 -0.083374 
5.29041 -0.225098 0.124512 -0.222656 
5.28577 0.081543 0.173096 -0.187134 
5.29956 -0.0330811 -0.447144 0.0352783 
5.28918 -0.123535 -0.0743408 0.11499 
5.30042 -0.279053 -0.253174 0.192261 
5.28589 0.234253 0.00695801 -0.0126953 
5.27551 -0.147339 0.00488281 -0.0623779 
5.29529 0.257935 -0.241089 -0.00793457 
5.29016 -0.102051 0.306885 0.140259 
5.29895 -0.230469 -0.339478 -0.0333252 
5.29492 -0.111206 0.316406 0.0629883 
5.29553 -0.224121 0.177368 0.0185547 
5.28174 0.151001 0.0756836 0.169189 
5.30566 -0.0578613 -0.238525 0.0177002 
5.29419 -0.306152 -0.0349121 -0.175049 
5.29529 -0.0922852 0.219727 -0.230103 
5.29358 -0.0797119 0.322266 -0.103271 
5.30945 0.128052 0.58606 -0.00305176 
5.28198 0.204102 0.0749512 -0.0623779 
5.28772 -0.170654 -0.22522 0.139038 
5.29321 -0.209839 0.229004 0.0955811 
5.28442 0.105347 0.216919 0.083374 
5.27917 -0.0860596 0.126099 0.0784912 
5.29626 0.237549 0.288818 -0.126465 
5.27722 -0.026001 -0.207397 0.026001 
5.28516 -0.102905 -0.240112 -0.0848389 
5.2876 0.167725 -0.102295 0.0131836 
5.2804 -0.217163 0.0845947 0.00756836 
5.30908 -0.215332 0.381226 -0.27124 
5.28503 -0.164185 0.214722 -0.0991211 
5.29077 -0.101807 -0.252319 0.133545 
5.29248 0.233887 0.237061 0.0267334 
5.30371 0.0664062 -0.454956 0.187744 
5.27979 -0.167236 -0.158203 0.0202637 
5.29346 0.184326 -0.233154 -0.232788 
5.28735 -0.208374 -0.172607 -0.176147 
5.29346 0.235229 0.0245361 0.173218 
5.29028 0.0936279 0.333008 0.079834 
5.28687 0.048584 -0.298218 0.0321045 
5.29626 -0.371704 0.0362549 0.0894775 
5.29956 -0.159302 0.381836 -0.0393066 
5.29126 -0.222534 0.235352 0.154297 
5.28516 -0.176758 0.130005 -0.0560303 
5.31091 0.565918 0.0169678 -0.0893555 
5.29834 0.387207 -0.247925 0.039917 
5.30334 -0.310425 0.42627 0.159424 
5.29846 -0.329346 0.25708 -0.159546 
5.29395 0.224976 -0.29834 -0.150757 
5.27844 0.109497 -0.160156 0.0522461 
5.28613 0.154053 -0.176758 -0.14978 
5.28491 -0.0187988 -0.276489 0.0463867 
5.31152 -0.0742188 -0.448364 -0.31543 
5.28918 0.326416 0.0488281 -0.0236816 
5.30566 0.0876465 0.396484 0.0838623 
5.28882 0.251465 -0.208618 0.0871582 
5.29626 0.170166 0.118286 -0.295654 
5.28003 -0.0463867 -0.224609 -0.0349121 
5.2981 0.116699 0.259644 -0.108887 
5.28333 -0.0390625 0.119385 -0.177368 
5.32739 0.498535 0.420654 -0.452881 
5.29846 -0.364868 0.0505371 -0.0863037 
5.29053 -0.293579 -0.213135 0.0706787 
5.27002 -0.026123 -0.0209961 -0.0650635 
5.30139 -0.00939941 0.338989 -0.206055 
5.30017 -0.296143 -0.0129395 -0.300171 
5.28381 0.159546 0.216553 -0.0432129 
5.29675 0.0358887 -0.220825 -0.320923 
5.29102 0.186523 -0.235474 0.119385 
5.27612 0.139893 -0.0979004 -0.00134277 
5.29932 0.178467 -0.286377 -0.0626221 
5.3009 -0.215454 0.0734863 -0.0667725 
5.29199 0.151489 0.241943 0.126221 
5.28979 0.285645 0.0169678 0.081543 
5.27734 -0.0845947 0.138672 -0.0550537 
5.30029 0.274292 0.0600586 0.359131 
5.30798 -0.0275879 -0.425537 -0.372681 
5.3645 -0.698486 -0.546875 0.890137 
5.29382 0.0584717 -0.365845 0.199219 
5.29834 0.0356445 -0.122925 0.0649414 
5.30237 -0.457275 -0.208496 -0.0693359 
5.30408 0.391235 0.103271 0.333984 
5.30139 0.347412 0.172363 -0.160278 
5.27197 0.118408 -0.0157471 0.0186768 
5.28613 0.126465 0.190186 0.171753 
5.29016 0.0203857 -0.231567 -0.0847168 
5.29065 -0.0368652 -0.32959 0.0196533 
5.30334 -0.206421 0.0126953 -0.176147 
5.28723 -0.20813 0.143555 -0.0174561 
5.30042 0.27063 0.137939 -0.326538 
5.28528 -0.167969 0.119751 -0.158325 
5.27856 0.199585 -0.012085 -0.0394287 
5.29297 -0.0567627 0.266602 -0.0482178 
5.29468 -0.331787 -0.00280762 0.161255 
5.3075 -0.306641 -0.440063 -0.162476 
5.30542 -0.372437 0.109253 -0.296631 
5.29199 0.201782 0.192017 -0.0869141 
5.28882 0.231689 0.151367 -0.000610352 
5.27319 0.0889893 0.0158691 -0.0424805 
5.28137 0.174805 -0.0861816 -0.101685 
5.29065 0.297607 -0.187866 0.0577393 
5.29675 0.287354 0.162598 0.217163 
5.29138 0.163818 0.29187 -0.127075 
5.29041 0.264526 0.0407715 -0.1604 
5.30627 0.235474 0.0638428 0.101929 
5.30273 0.292847 -0.234497 0.116333 
5.30273 -0.0605469 -0.354492 -0.30188 
5.28149 0.204102 0.0706787 -0.103394 
5.28113 0.0285645 -0.137207 -0.180054 
5.29041 -0.0217285 -0.344727 -0.137207 
5.29297 0.181396 0.267822 0.0249023 
5.28857 0.235474 -0.0565186 0.18396 
5.276 -0.169678 -0.00280762 -0.0461426 
5.2981 0.0406494 0.413696 -0.0994873 
5.29114 0.16748 0.112793 0.289185 
5.29272 0.403076 0.0323486 0.0291748 
5.29187 0.195435 -0.2323 0.159668 
5.2832 -0.224487 0.151367 0.022583 
5.28455 -0.111694 -0.270752 0.0698242 
5.3042 0.310059 0.415894 -0.145142 
5.29724 0.218994 0.378906 -0.0670166 
5.28333 -0.0831299 0.197632 -0.0557861 
5.31787 -0.298706 0.526001 -0.36853 
5.31482 -0.268433 -0.523804 -0.128662 
5.29065 0.157959 0.0196533 0.11792 
5.28186 -0.170898 -0.125854 -0.160156 
5.29919 -0.154663 -0.409424 0.143555 
5.29114 -0.334717 0.00378418 -0.0915527 
5.27905 -0.0159912 -0.225464 -0.00646973 
5.29614 0.153564 -0.344971 -0.0866699 
5.30713 0.311523 -0.476318 0.161865 
5.27991 0.164551 -0.0541992 -0.052002 
5.32471 0.0633545 0.60376 -0.407593 
5.29065 -0.0115967 -0.354858 -0.098877 
5.28479 -0.130249 0.196777 -0.127808 
5.29443 -0.0489502 0.365234 0.14209 
5.29443 0.17981 -0.262085 -0.157593 
5.27905 -0.134033 -0.168579 -0.00854492 
5.29724 0.288086 -0.129272 0.201782 
5.29224 -0.168091 0.183472 -0.20874 
5.29382 0.369751 0.156128 0.124512 
5.28149 -0.150024 0.09375 -0.0839844 
5.28491 0.143677 0.219971 0.0792236 
5.30212 -0.30896 -0.0581055 0.0373535 
5.28552 -0.18335 -0.158691 0.0834961 
5.29297 -0.313232 0.0338135 0.132568 
5.30078 0.474731 0.181396 -0.0321045 
5.28918 0.362549 0.027832 0.0513916 
5.29272 -0.0651855 -0.0609131 -0.0756836 
5.27209 0.0706787 -0.0738525 -0.0404053 
5.29248 0.0904541 -0.333984 -0.0948486 
5.2876 -0.0367432 -0.255127 0.137573 
5.30286 0.184326 0.422485 0.210938 
5.29602 -0.422729 -0.172852 0.00341797 
5.28699 -0.25708 -0.188232 -0.110474 
5.29443 -0.253174 -0.154907 -0.131592 
5.29578 -0.213745 -0.194214 0.243042 
5.29382 -0.0216064 0.366943 -0.121948 
5.30005 -0.177734 0.326416 0.0196533 
5.29199 -0.33252 -0.0546875 -0.00415039 
5.31848 -0.285156 -0.400757 0.408813 
5.2749 -0.119507 -0.0174561 -0.112915 
5.2926 -0.29834 0.0605469 -0.139893 
5.28711 -0.278076 0.0942383 0.0446777 
5.3009 0.192993 -0.229614 -0.207397 
5.31104 -0.323975 0.46106 0.243896 
5.31372 0.206421 -0.406372 0.463013 
5.30469 -0.015625 -0.341187 0.202148 
5.29663 0.14978 0.349121 -0.14917 
5.29688 -0.158203 0.276855 0.2948 
5.2793 -0.182617 0.0629883 0.036499 
5.26404 -0.0179443 -0.0133057 0.00305176 
5.28589 0.130005 0.230835 0.106445 
5.29541 -0.274658 -0.221924 -0.0792236 
5.29822 -0.180908 0.330444 0.240601 
5.27161 0.0296631 -0.0438232 0.140015 
5.28333 0.231934 0.10791 -0.0518799 
5.29626 0.331421 0.0759277 -0.0629883 
5.27576 -0.119263 -0.00158691 0.128052 
5.33057 -0.488281 -0.645996 0.06604 
5.29333 0.0340576 -0.331299 0.138916 
5.28137 -0.0878906 -0.192505 0.0404053 
5.28577 -0.153931 0.174805 -0.105835 
5.29236 -0.314209 0.0986328 0.140259 
5.30469 -0.123047 -0.368408 -0.340454 
5.30664 0.143066 0.375366 0.258545 
5.27698 -0.177856 0.0526123 0.00769043 
5.30078 -0.204224 -0.428467 0.159424 
5.30359 -0.381836 0.11499 -0.204346 
5.27234 -0.0948486 -0.0202637 -0.0443115 
5.28772 0.233765 0.123169 -0.127197 
5.3324 0.288086 -0.757446 -0.38623 
5.30701 -0.194946 -0.100708 0.079834 
5.28369 0.117554 -0.194824 -0.161377 
5.30261 0.19519 0.180298 -0.112549 
5.29956 -0.331299 0.182007 -0.134399 
5.28577 -0.097168 -0.161499 -0.176514 
5.29858 0.159668 0.113281 0.182983 
5.29382 -0.105713 0.290649 0.158325 
5.28955 -0.09375 0.0837402 0.243164 
5.28503 0.0639648 -0.274292 0.116577 
5.3147 -0.518555 0.186035 0.0821533 
5.29114 0.183594 0.187744 0.203613 
5.29578 -0.165283 0.315308 -0.0830078 
5.29431 0.22583 -0.297363 -0.00793457 
5.29736 -0.134766 0.181519 -0.424072 
5.28418 0.119873 0.232544 -0.0427246 
5.28564 0.109619 -0.236816 -0.0767822 
5.28223 -0.16748 -0.140869 0.121216 
5.29529 0.186157 0.302856 -0.0727539 
5.29285 0.326172 0.00280762 -0.144775 
5.27612 -0.160522 0.0878906 -0.0045166 
5.29944 -0.299316 0.153687 -0.275635 
5.31384 0.364014 -0.331299 -0.371704 
5.28186 -0.0355225 -0.243286 0.0484619 
5.30066 -0.242798 -0.324341 -0.0899658 
5.29895 0.0426025 0.218628 -0.274902 
5.27991 -0.13501 0.17688 0.0266113 
5.29932 -0.312744 0.0135498 -0.0146484 
5.26636 -0.0288086 -0.00915527 -0.0391846 
5.27063 -0.0717773 0.0438232 0.0102539 
5.28772 -0.288208 -0.0788574 -0.012207 
5.2865 0.0865479 -0.226929 0.0610352 
5.29944 -0.207031 -0.275146 -0.216797 
5.28638 0.0480957 0.285034 -0.0905762 
5.29321 0.0213623 0.214478 0.249023 
5.28381 -0.182983 0.207153 0.0794678 
5.27832 0.0303955 -0.098999 -0.109497 
5.29321 -0.0476074 -0.213013 0.252686 
5.29236 0.36145 0.101196 0.0153809 
5.29871 -0.325439 -0.295166 0.0217285 
5.28577 0.117065 -0.286255 -0.0581055 
5.26929 -0.0313721 -0.0950928 -0.0279541 
5.28406 -0.113037 -0.135376 -0.200928 
5.29651 0.274048 0.240234 0.0179443 
5.28638 -0.277832 -0.0849609 0.0792236 
5.29736 0.322266 0.0904541 0.00158691 
5.29871 0.227173 0.0689697 -0.210327 
5.27698 0.116089 0.0594482 0.0953369 
5.28333 0.229126 -0.0449219 -0.0294189 
5.28564 0.240479 0.0174561 0.0701904 
5.28906 0.0712891 0.202026 0.15686 
5.30603 -0.477295 -0.192627 -0.0596924 
5.2887 -0.143799 0.222412 -0.0777588 
5.28979 -0.248535 -0.115112 0.163574 
5.30139 0.0712891 -0.32251 -0.0290527 
5.29529 0.430908 -0.0426025 0.00610352 
5.29187 -0.260864 -0.0599365 -0.139404 
5.28345 -0.178711 0.00146484 -0.20874 
5.29236 0.303833 -0.160278 0.126099 
5.29993 -0.209106 -0.267822 0.209717 
5.2981 -0.199585 0.121582 0.175537 
5.29211 0.317383 0.11084 0.0133057 
5.29871 0.163452 0.0515137 -0.242798 
5.28735 0.0303955 0.274048 0.0623779 
5.2998 -0.307739 0.0633545 0.0722656 
5.30127 0.103882 0.324829 0.17749 
5.29968 -0.012207 -0.212891 -0.298584 
5.30054 -0.0671387 -0.381348 -0.247437 
5.29614 -0.288208 0.0828857 -0.0601807 
5.29407 0.397339 -0.0317383 -0.0341797 
5.29016 -0.11853 -0.159546 -0.304932 
5.29688 0.015625 0.280762 0.244019 
5.29639 0.299927 -0.170654 -0.0311279 
5.28772 0.216797 0.0963135 -0.0770264 
5.30701 -0.410034 -0.327515 0.012085 
5.29626 -0.284546 0.0864258 0.308838 
5.28882 -0.20105 0.1521 -0.204712 
5.2804 -0.0537109 -0.208984 0.0970459 
5.27014 -0.0343018 -0.0983887 0.0316162 
5.28735 -0.255981 0.0718994 -0.0819092 
5.28589 -0.172974 0.239014 -0.0876465 
5.30212 0.289673 0.350342 -0.17395 
5.29248 -0.197998 -0.198608 0.0811768 
5.29907 -0.261475 -0.0936279 -0.175415 
5.29578 0.312256 0.217041 -0.0428467 
5.28943 0.187988 0.252319 0.0871582 
5.28662 -0.147339 -0.112183 -0.280762 
5.30103 -0.102905 -0.334106 -0.213135 
5.30103 -0.0189209 0.442749 -0.00170898 
5.30945 0.228516 -0.500854 0.213135 
5.31763 0.46582 -0.164673 -0.452881 
5.27991 -0.178345 -0.0683594 -0.086792 
5.2937 0.101929 -0.0596924 -0.413208 
5.29175 -0.230347 -0.258057 0.000976562 
5.30762 -0.183838 -0.466309 -0.2229 
5.28821 0.00109863 0.293701 -0.00793457 
5.29968 -0.0296631 -0.372192 -0.214844 
5.30371 -0.188354 0.288696 0.314209 
5.28638 -0.199219 0.043335 -0.18042 
5.28381 0.0495605 -0.245605 -0.126709 
5.29114 0.17395 -0.296753 0.041748 
5.27515 -0.147095 0.0909424 -0.0168457 
5.29724 -0.330811 0.281494 -0.109375 
5.29114 0.331055 -0.158813 -0.00732422 
5.29749 0.141968 -0.24707 0.122681 
5.28638 -0.1698 -0.190918 -0.117432 
5.2832 0.0422363 0.228271 0.0124512 
5.28906 -0.36731 -0.036377 0 
5.28772 -0.129272 -0.260498 0.000488281 
5.29663 0.384155 0.19873 0.106689 
5.28979 0.21167 -0.131836 0.0644531 
5.29517 -0.0393066 0.369873 0.0402832 
5.29443 0.259277 -0.189331 -0.139648 
5.28906 0.277832 0.0662842 0.0598145 
5.302 0.196411 -0.349976 0.0449219 
5.29163 -0.0725098 0.333008 0.0306396 
5.29382 0.323608 -0.0107422 -0.117798 
5.29297 -0.304443 0.165894 -0.0463867 
5.28772 0.118652 0.22522 -0.122192 
5.32312 -0.171631 -0.283813 -0.675781 
5.28967 0.169189 -0.336304 0.00732422 
5.28247 0.174438 -0.107178 0.129883 
5.29309 -0.168091 0.275879 0.123657 
5.30054 -0.365112 0.181763 0.157837 
5.28894 0.186279 -0.181885 0.151611 
5.29761 -0.0305176 -0.422363 0.02771 
5.2854 -0.224365 0.159668 0.0651855 
5.27917 0.10498 -0.182129 -0.0456543 
5.29822 -0.272095 0.0787354 0.216064 
5.29419 -0.129272 -0.316772 0.182983 
5.28247 0.178345 -0.17688 0.0643311 
5.29004 -0.239502 0.243774 -0.112549 
5.28613 -0.189819 0.0517578 -0.170776 
5.27722 -0.191528 0.0183105 0.00305176 
5.29407 0.197632 -0.295898 -0.0946045 
5.27722 0.126343 0.083252 0.0762939 
5.28662 0.012085 -0.321533 -0.0549316 
5.26965 0.0792236 -0.020874 0.0175781 
5.29211 -0.129517 0.234375 0.265137 
5.28857 0.279785 0.114868 0.0876465 
5.28174 0.168579 -0.103638 0.115356 
5.29578 0.0693359 -0.294556 0.19458 
5.27783 -0.0321045 -0.203003 -0.0695801 
5.29578 0.290527 -0.142822 -0.129639 
5.29895 -0.217529 0.202393 -0.122681 
5.29285 0.275269 0.0838623 -0.250488 
5.27954 0.218018 -0.0126953 0.034668 
5.31592 -0.548706 0.0134277 0.29126 
5.28918 -0.153442 -0.200562 0.201904 
5.29993 0.0969238 0.35022 -0.240723 
5.29712 -0.349121 -0.0864258 0.0222168 
5.3064 -0.499023 -0.286499 0.197144 
5.30078 -0.176147 -0.382812 -0.0948486 
5.28149 0.237915 0.0494385 -0.0517578 
5.29163 -0.342529 -0.17749 -0.0163574 
5.31555 -0.475464 0.453491 0.197388 
5.29688 0.254761 0.234009 -0.0952148 
5.28918 0.221558 0.227417 0.0806885 
5.29016 -0.167847 -0.265869 -0.0943604 
5.28369 0.129028 -0.217285 0.0415039 
5.3103 0.366699 -0.4729 0.0118408 
5.28894 -0.0531006 0.28894 0.0494385 
5.28979 -0.11438 -0.281982 0.139648 
5.3042 0.000244141 0.541992 -0.0430908 
5.30542 0.356079 -0.203247 -0.247192 
5.30859 -0.50647 0.112793 -0.0772705 
5.29456 0.133423 -0.370972 0.0627441 
5.29138 -0.0803223 -0.207275 -0.165894 
5.29285 0.123047 0.318726 0.133545 
5.30481 -0.0574951 0.442505 -0.235474 
5.28223 0.19751 0.118774 -0.0544434 
5.29797 -0.139771 0.404541 0.125488 
5.28162 0.1521 -0.0681152 -0.132812 
5.297 -0.120361 -0.269775 0.228638 
5.30847 0.166626 -0.429932 0.303833 
5.28015 -0.120728 -0.202637 -0.0316162 
5.29065 -0.207764 -0.130981 0.140259 
5.28784 0.0596924 -0.306152 0.104004 
5.29102 -0.268555 0.0427246 -0.00817871 
5.28027 -0.0178223 0.18457 0.00231934 
5.28223 0.204834 -0.0631104 0.036377 
5.28577 0.172974 0.152222 0.161011 
5.29529 0.108643 -0.362427 0.0205078 
5.29297 -0.0539551 -0.301147 -0.162842 
5.29517 -0.330566 0.00439453 0.15271 
5.2959 -0.196411 0.292236 0.0675049 
5.29504 0.259155 0.13269 0.119629 
5.28882 -0.154297 -0.279297 -0.13501 
5.29309 -0.326782 -0.0241699 -0.0949707 
5.28918 0.175171 -0.169434 -0.126953 
5.2948 0.135376 -0.25769 0.205322 
5.28564 0.285522 -0.0714111 0.0421143 
5.29712 0.286987 -0.180054 -0.155273 
5.27258 -0.0124512 0.0722656 -0.0715332 
5.28479 0.0101318 -0.209595 0.144287 
5.28271 -0.196777 0.170654 -0.0374756 
5.29614 0.417114 0.0294189 -0.11499 
5.3075 -0.303345 0.217773 0.518799 
5.29187 -0.269897 0.199341 -0.109741 
5.26465 -0.0032959 0.000610352 -0.00488281 
5.29285 -0.177612 -0.0982666 -0.204468 
5.29614 -0.140869 -0.126953 0.404541 
5.28528 -0.206177 0.0770264 0.149048 
5.2926 -0.184448 -0.116821 -0.198975 
5.28943 -0.261597 -0.0754395 0.203369 
5.29224 0.0128174 -0.289673 0.172607 
5.29565 -0.206665 -0.201782 0.00476074 
5.29626 -0.308594 0.272949 0.0877686 
5.27405 -0.0992432 -0.138794 -0.00158691 
5.29016 0.27063 -0.0568848 -0.163574 
5.28198 0.14563 0.166504 0.0413818 
5.31409 -0.0817871 -0.626465 -0.098877 
5.28198 0.0628662 -0.0498047 -0.15686 
5.30408 0.289062 0.297363 0.306519 
5.28955 -0.0238037 -0.237305 -0.0270996 
5.29932 -0.119019 0.395752 -0.0480957 
5.29224 -0.203979 0.25415 -0.0510254 
5.29395 0.0501709 0.318237 -0.0238037 
5.33337 0.726562 -0.10791 -0.460205 
5.30261 -0.301025 0.221313 -0.199829 
5.30151 -0.282349 0.234985 -0.0322266 
5.28809 0.261841 -0.148193 -0.0998535 
5.29053 0.2229 -0.161987 -0.147339 
5.2887 0.296265 0.0490723 -0.157471 
5.27954 -0.139648 0.171997 0.0524902 
5.27026 -0.0472412 0.0245361 -0.0482178 
5.29236 0.3396 -0.0697021 0.0905762 
5.28064 -0.162354 -0.0998535 0.0622559 
5.29578 -0.191284 -0.326782 -0.00744629 
5.29102 0.197998 0.281128 -0.0611572 
5.29688 -0.125854 0.413574 0.102539 
5.29749 0.147095 -0.285522 -0.362183 
5.30151 -0.177612 0.447754 0.131592 
5.30005 0.217651 -0.00830078 -0.112915 
5.30432 0.3573 0.198975 -0.210449 
5.27588 -0.0494385 0.0820312 -0.114746 
5.2876 -0.180664 -0.0338135 -0.194458 
5.28357 0.0853271 0.197144 0.133789 
5.3031 0.0272217 -0.374878 0.09021 
5.31628 0.374023 -0.120483 0.550537 
5.29797 -0.0822754 -0.202515 -0.10498 
5.33813 -0.64502 -0.60498 -0.321655 
5.28772 0.202515 -0.241577 0.0559082 
5.27808 -0.100952 0.0389404 0.183716 
5.28467 -0.24292 0.11145 -0.0446777 
5.30017 0.175903 -0.0332031 -0.307739 
5.29053 0.280518 0.0300293 -0.202148 
5.29358 0.0487061 -0.313721 0.0845947 
5.29663 0.202148 0.267944 -0.185669 
5.28796 0.173584 0.236694 0.0983887 
5.29749 -0.353516 0.2052 0.0678711 
5.33032 -0.336914 0.615234 -0.497437 
5.28992 -0.169067 -0.24292 0.0961914 
5.29016 -0.17041 0.248413 -0.147705 
5.29858 -0.265137 0.176514 -0.220215 
5.3075 0.212646 0.275757 -0.371582 
5.2843 -0.0664062 -0.267456 0.0969238 
5.27271 0.117798 -0.0484619 0.00610352 
5.30493 -0.163452 -0.25293 -0.237061 
5.29272 0.291382 -0.227295 -0.0777588 
5.33191 0.0238037 0.702148 -0.484253 
5.27771 0.0621338 -0.0947266 -0.194946 
5.29749 0.15918 -0.256958 0.201782 
5.29895 -0.218262 -0.267212 0.242188 
5.29626 0.131958 0.216431 0.271606 
5.28516 0.0369873 -0.164429 -0.0269775 
5.28857 0.139648 0.0699463 -0.268188 
5.26868 0.0518799 -0.0400391 0.0020752 
5.3031 -0.233887 0.336914 -0.272461 
5.28381 0.159424 0.184692 0.0390625 
5.29028 -0.259399 -0.124023 0.126343 
5.28979 -0.0706787 -0.343872 0.0979004 
5.28992 0.351074 -0.00134277 -0.000610352 
5.29565 -0.14978 0.368042 0.0197754 
5.28699 -0.0981445 -0.197998 -0.218994 
5.29333 0.241211 -0.267456 -0.0661621 
5.32544 -0.201416 -0.676514 -0.0362549 
5.29187 -0.13562 -0.267944 0.0357666 
5.29688 0.128784 -0.11499 0.244751 
5.30347 0.381348 -0.109741 0.223267 
5.2865 0.100098 -0.158081 0.26416 
5.31348 0.300659 -0.405029 -0.436401 
5.28271 -0.197266 -0.116211 -0.140015 
5.29468 -0.226807 -0.208252 0.1875 
5.29504 -0.409302 -0.078125 0.0775146 
5.28479 0.0979004 -0.246216 -0.0687256 
5.29309 -0.21875 0.310181 -0.140503 
5.29077 0.217163 0.0626221 0.250732 
5.2926 -0.0842285 -0.205688 0.239136 
5.29651 0.321655 -0.0679932 0.136108 
5.28284 0.181763 -0.0512695 -0.169434 
5.28259 -0.0778809 -0.115845 -0.213379 
5.28992 0.180786 -0.227783 0.0198975 
5.29187 -0.163574 -0.119629 -0.114746 
5.29114 -0.230469 -0.20874 -0.195801 
5.27869 -0.0107422 0.167114 -0.0849609 
5.28491 0.106689 -0.144287 0.252441 
5.28186 0.140503 0.18811 -0.00354004 
5.28809 -0.190063 -0.216919 -0.0513916 
5.28015 0.202148 -0.0979004 0.0333252 
5.29285 -0.199707 0.259033 -0.143188 
5.28406 0.0939941 -0.238647 -0.0528564 
5.31079 0.488159 -0.225342 -0.0704346 
5.29602 -0.343872 0.126587 -0.131104 
5.2854 0.114136 0.251221 0.0410156 
5.28992 -0.0644531 0.304077 0.000366211 
5.30054 -0.390991 0.013916 0.147217 
5.29517 -0.0604248 -0.34668 -0.176514 
5.28601 0.151245 -0.232178 0.190063 
5.30444 0.366089 0.0354004 -0.12561 
5.29663 0.155151 -0.175659 0.200562 
5.29443 -0.104248 -0.350952 -0.0941162 
5.30603 0.0802002 0.234131 0.455688 
5.27747 -0.207275 -0.0148926 -0.00610352 
5.33582 0.639282 -0.172485 -0.56311 
5.27673 -0.13147 0.0770264 -0.0194092 
5.28845 -0.0568848 0.259644 -0.129883 
5.2915 0.337891 -0.0362549 -0.00305176 
5.29285 -0.234009 0.0147705 -0.0544434 
5.28577 -0.254028 0.0599365 0.0953369 
5.29077 -0.0178223 -0.184937 0.0194092 
5.29089 -0.234985 0.251221 -0.0197754 
5.29565 -0.28894 0.187866 0.221313 
5.29724 0.153442 -0.236938 0.241699 
5.28491 0.0791016 -0.177124 -0.222046 
5.28015 0.121216 -0.0897217 -0.166016 
5.29309 -0.244019 0.159546 -0.186401 
5.30054 -0.401611 -0.00769043 0.219971 
5.30164 0.13623 -0.448853 0.147705 
5.29053 -0.209717 0.164795 -0.162354 
5.3313 0.353027 0.664673 0.430298 
5.30713 -0.204102 -0.496582 0.0673828 
5.28809 0.266357 0.0142822 -0.135132 
5.28674 -0.208008 0.0736084 0.197266 
5.29504 0.0959473 0.405273 0.00500488 
5.29297 0.387817 0.0247803 0.0910645 
5.29102 -0.129761 0.278564 -0.142944 
5.29858 0.115845 0.363037 0.0379639 
5.29688 0.251465 0.272217 -0.0634766 
5.30298 0.0133057 -0.463867 -0.104858 
5.28015 0.0571289 -0.176147 -0.180664 
5.3031 -0.285278 -0.270386 0.157227 
5.29321 -0.30127 -0.0551758 0.0318604 
5.30664 0.157959 0.468262 -0.19104 
5.34155 1.01111 0.0795898 -0.174805 
5.28845 -0.243164 -0.222778 -0.0495605 
5.27905 -0.106079 -0.0284424 0.00952148 
5.30273 -0.214722 0.429443 0.218506 
5.28687 -0.00500488 0.274048 0.0212402 
5.28064 0.0675049 0.0996094 0.189209 
5.29797 -0.013916 0.333008 0.217407 
5.31885 0.218018 0.64502 -0.268066 
5.3009 -0.118408 -0.116089 0.00817871 
5.31384 0 -0.0603027 -0.21875 
5.30725 -0.317749 -0.175903 -0.352417 
5.2915 -0.265869 0.15979 0.0889893 
5.28528 -0.0596924 -0.289307 -0.0465088 
5.28503 -0.233765 0.00842285 -0.09729 
5.29077 0.109741 0.0715332 -0.315552 
5.26697 -0.0375977 -0.0653076 -0.015625 
5.30139 -0.363403 0.250977 0.0151367 
5.27527 -0.036499 -0.161499 0.0744629 
5.28479 -0.212402 0.21521 -0.0626221 
5.29077 -0.0853271 0.252808 0.0799561 
5.30151 -0.171387 0.0244141 0.227783 
5.34106 -0.515381 -0.811157 0.239136 
5.30054 -0.355591 -0.0775146 0.216553 
5.28247 0.222656 0.081543 -0.0178223 
5.28833 0.0129395 -0.205933 -0.249756 
5.27844 0.210327 -0.0299072 0.00878906 
5.30066 0.220337 0.350464 -0.214844 
5.28748 -0.143311 -0.287231 0.109131 
5.28369 0.10791 -0.160767 0.214478 
5.28821 -0.1521 0.204102 -0.046875 
5.27856 -0.154297 -0.0769043 -0.0991211 
5.29211 0.00976562 -0.258423 -0.157227 
5.29651 -0.083252 0.332031 -0.116699 
5.28809 -0.244751 -0.102783 0.119019 
5.27881 -0.143799 -0.163574 0.000244141 
5.30505 -0.0339355 0.352173 -0.0500488 
5.29541 -0.119873 0.136108 0.212158 
5.31396 -0.467651 0.190552 0.197266 
5.29688 0.293823 0.255249 -0.200439 
5.29419 0.181763 -0.246826 -0.18335 
5.30542 -0.486084 0.151245 -0.0374756 
5.28979 0.136597 0.151489 -0.242798 
5.29761 -0.286743 0.0224609 0.388672 
5.29639 0.105103 0.295532 0.0476074 
5.30212 -0.135132 0.320679 0.0356445 
5.28369 -0.0881348 0.151489 0.204712 
5.29614 -0.103882 -0.276978 0.0633545 
5.27051 0.0759277 -0.00231934 0.0230713 
5.28369 0.187256 0.086792 -0.171143 
5.29602 0.333008 -0.114258 -0.0905762 
5.29822 0.427246 -0.0300293 0.115723 
5.29968 -0.163086 0.271973 0.0493164 
5.29553 0.187988 -0.221924 0.106079 
5.28638 0.238403 0.163696 0.0803223 
5.29492 0.0814209 -0.22644 0.252563 
5.28503 0.188477 -0.11853 -0.107178 
5.28308 -0.20459 0.198608 0.026123 
5.28088 -0.217407 -0.0339355 0.0413818 
5.28748 0.0611572 -0.298828 -0.0692139 
5.28345 -0.197388 0.0245361 -0.0600586 
5.29089 0.181885 -0.190796 -0.200073 
5.29065 -0.26709 -0.150391 0.00244141 
5.30493 0.0672607 -0.15979 0.302368 
5.31982 0.507935 0.390015 -0.141357 
5.29028 -0.343384 0.120728 -0.0203857 
5.29431 -0.193604 -0.10144 0.256958 
5.2876 -0.297852 0.0385742 0.0693359 
5.28931 0.275513 -0.081665 0.0734863 
5.28979 -0.220703 0.18042 0.111938 
5.30029 0.337769 -0.14502 -0.161621 
5.31458 -0.628662 -0.182617 -0.129517 
5.2804 0.194092 -0.0689697 0.0540771 
5.30164 0.0375977 0.272583 -0.30603 
5.29541 -0.265259 0.258911 0.0965576 
5.28577 0.000610352 0.286621 -0.0489502 
5.28906 0.043335 -0.257812 -0.0784912 
5.29651 0.30127 -0.024292 0.223022 
5.2876 -0.272217 -0.107544 0.0471191 
5.29456 -0.232788 0.122437 0.157104 
5.29761 0.180664 0.30835 0.0769043 
5.29114 0.15564 -0.203857 -0.232666 
5.28418 -0.0909424 -0.224609 -0.127686 
5.28723 0.104614 -0.280029 -0.0247803 
5.29382 0.187744 0.114258 0.264771 
5.28882 0.216675 0.223389 0.105591 
5.29907 0.373779 -0.0205078 0.191284 
5.29712 0.377441 0.0263672 0.129395 
5.28271 -0.143188 0.211304 -0.0443115 
5.28748 -0.126343 0.267334 0.107666 
5.28882 -0.282837 0.0424805 0.0749512 
5.29163 -0.319092 0.0428467 -0.104248 
5.2876 -0.236084 0.247192 -0.0692139 
5.26489 -0.0192871 -0.0397949 -0.00317383 
5.29712 0.302734 0.0065918 -0.380615 
5.28381 0.117798 -0.0336914 -0.266357 
5.28662 -0.235229 -0.185425 -0.162231 
5.34802 0.845947 0.0178223 0.593628 
5.28528 -0.0078125 -0.189331 -0.187744 
5.27002 -0.038208 0.0634766 0.0229492 
5.30115 -0.212769 0.419189 -0.0710449 
5.29065 -0.286011 0.198608 0.0657959 
5.28101 -0.15332 -0.166382 0.0113525 
5.28467 0.217896 0.0447998 0.131836 
5.29041 -0.250366 0.108643 0.195312 
5.29346 -0.231079 0.0570068 -0.039917 
5.29089 0.166016 0.19165 -0.15271 
5.271 -0.0617676 0.0734863 -0.0107422 
5.28223 -0.157593 0.15271 -0.00109863 
5.27441 0.116577 0.0601807 -0.0245361 
5.29102 -0.323242 -0.17749 0.0675049 
5.30347 0.296875 -0.434937 -0.0770264 
5.28845 -0.224365 -0.1698 -0.0462646 
5.2937 -0.393677 -0.0894775 0.0535889 
5.28015 -0.172729 0.13147 0.0518799 
5.28198 0.172852 0.138672 0.0827637 
5.29529 0.140137 0.374756 -0.146484 
5.30151 0.251465 0.358643 -0.193481 
5.29138 0.0615234 0.253418 -0.0516357 
5.28528 -0.189453 -0.212036 0.100464 
5.29272 -0.0355225 0.113281 0.188354 
5.29236 -0.157227 -0.283081 -0.1521 
5.27319 0.120605 0.0302734 0.0405273 
5.28967 0.238281 -0.050415 0.202637 
5.2948 0.415039 0.012207 -0.0518799 
5.28882 -0.182739 0.290527 -0.0256348 
5.29504 -0.0701904 -0.253174 -0.20874 
5.28699 0.098999 -0.132202 -0.250732 
5.30188 -0.00488281 0.334229 0.314087 
5.28809 0.28772 0.141846 -0.0629883 
5.29846 0.169067 0.065918 -0.0898438 
5.29309 -0.0982666 0.314697 0.210327 
5.29077 0.0631104 -0.249756 0.0831299 
5.29382 -0.302002 0.0981445 0.196167 
5.2998 -0.441406 0.155151 0.0395508 
5.34265 0.920898 -0.0020752 -0.371582 
5.3031 -0.288574 0.173706 0.0286865 
5.29004 0.297607 0.0837402 -0.0966797 
5.29822 -0.00378418 0.398682 -0.109131 
5.29919 0.19165 -0.232788 -0.15271 
5.29004 0.15625 0.263184 0.14563 
5.30115 -0.164917 0.427612 0.0935059 
5.26978 0.0384521 -0.0709229 -0.0334473 
5.28223 -0.0814209 -0.248779 0.00939941 
5.29358 -0.161377 -0.333374 0.14856 
5.29382 -0.406006 -0.074585 0.039917 
5.29761 0.253906 -0.183228 0.223877 
5.30518 0.255371 0.421997 -0.09021 
5.2915 0.144165 0.200073 -0.0911865 
5.30176 -0.246704 0.365845 0.294067 
5.29492 0.0870361 0.196167 -0.136597 
5.29077 -0.213989 0.283813 -0.0909424 
5.29187 -0.0718994 -0.290039 -0.187012 
5.2771 -0.183228 -0.0651855 0.0788574 
5.28259 -0.170288 0.141724 -0.0775146 
5.28394 -0.0756836 -0.257324 0.0855713 
5.28918 -0.214966 0.176025 0.142578 
5.29517 -0.118042 -0.337158 -0.0227051 
5.28979 -0.332153 -0.125854 0.019165 
5.29431 -0.424805 0.0456543 -0.0145264 
5.29749 0.0891113 -0.204468 -0.0825195 
5.31323 -0.575439 -0.253296 0.0915527 
5.29993 0.185181 0.30481 0.0299072 
5.31152 -0.420288 -0.385742 -0.13916 
5.3136 0.568481 0.283691 -0.159546 
5.2998 -0.350952 0.0255127 -0.107056 
5.297 -0.276489 0.18335 0.207031 
5.30786 0.136719 -0.495483 -0.218018 
5.29395 -0.0177002 -0.308228 -0.00878906 
5.27673 0.0765381 -0.119629 -0.0817871 
5.26648 -0.0529785 -0.0336914 0.00793457 
5.29553 0.0306396 0.249878 0.173218 
5.29626 0.263916 -0.237427 0.185303 
5.28589 -0.276489 -0.148071 0.0599365 
5.29492 0.146973 -0.0682373 0.303345 
5.2959 -0.131348 -0.419312 0.0159912 
5.2915 0.264038 -0.020874 0.205444 
5.30151 0.253784 -0.435059 -0.149658 
5.29297 -0.318359 0.244995 0.0366211 
5.28369 0.184082 0.149536 0.120972 
5.32202 0.0509033 -0.684692 0.0461426 
5.29541 0.0936279 -0.355103 -0.0316162 
5.28918 0.164429 -0.175781 -0.224609 
5.27649 -0.0510254 0.0799561 -0.134766 
5.29541 -0.0865479 -0.231812 0.288452 
5.29443 0.235107 -0.112061 -0.125977 
5.29541 0.313477 0.0968018 -0.177124 
5.29236 0.195068 0.300903 -0.0123291 
5.29163 -0.278931 0.0970459 -0.053833 
5.29126 0.246948 -0.0681152 0.213257 
5.27502 -0.0548096 -0.168457 -0.0130615 
5.29431 0.0858154 0.191895 0.269775 
5.28625 -0.15332 -0.237793 -0.150879 
5.29187 -0.293579 -0.229736 -0.0446777 
5.28857 0.0495605 -0.329712 -0.108032 
5.29419 0.072876 0.0649414 0.28125 
5.30432 -0.247192 0.364868 -0.216919 
5.29736 0.229736 -0.334839 -0.155396 
5.3009 -0.325439 -0.121338 0.0841064 
5.30774 0.365479 0.102417 -0.194092 
5.30396 -0.0418701 0.37085 -0.286255 
5.30164 -0.294189 -0.364502 0.045166 
5.29492 -0.118286 0.244263 -0.205811 
5.27417 -0.142456 0.0482178 -0.0032959 
5.2843 -0.0404053 0.236206 0.101074 
5.28979 0.126587 0.207886 -0.163208 
5.31897 -0.262573 0.57666 0.304077 
5.28369 -0.0776367 -0.269653 0.0640869 
5.28857 0.00341797 0.112427 -0.24939 
5.27734 0.0970459 0.090332 0.107056 
5.29395 0.164673 0.269653 0.184082 
5.29675 0.0421143 0.34668 0.0618896 
5.2948 0.113525 -0.353882 -0.0020752 
5.30762 -0.098999 -0.109253 -0.161377 
5.30164 0.362549 0.048584 0.195312 
5.29089 0.16626 -0.187744 0.236206 
5.29272 -0.356934 -0.067627 -0.0164795 
5.28674 -0.147583 0.132935 -0.18457 
5.28284 0.0653076 -0.231567 -0.175171 
5.29614 -0.222412 0.0794678 0.254028 
5.27661 0.0666504 -0.128296 0.0189209 
5.28674 0.291992 0.083374 0.0938721 
5.28918 0.215088 0.225586 -0.10437 
5.29858 -0.0932617 0.363892 -0.188843 
5.29907 -0.234009 -0.312866 -0.0117188 
5.30212 -0.136353 -0.262085 0.333252 
5.29138 -0.243652 -0.0250244 -0.0489502 
5.27808 0.115356 -0.101807 0.0577393 
5.31494 0.506836 0.197754 0.321777 
5.30664 -0.136475 -0.420044 -0.266846 
5.29846 -0.332397 -0.186035 -0.0821533 
5.28992 0.14209 0.0803223 0.204102 
5.28772 0.30249 -0.0488281 0.0839844 
5.29114 -0.262817 0.0643311 0.229614 
5.29199 -0.267334 -0.230957 -0.0961914 
5.29138 -0.311035 -0.10144 0.0543213 
5.27441 0.0904541 -0.0673828 0.0773926 
5.28259 -0.190552 0.151123 0.0754395 
5.29028 -0.333008 0.00158691 -0.0130615 
5.28735 -0.131714 -0.295288 0.0303955 
5.28125 0.154541 -0.0966797 0.10022 
5.28735 0.0418701 0.227295 0.0856934 
5.29529 0.283569 -0.0487061 0.0717773 
5.29224 0.343994 0.155273 0.0421143 
5.30005 -0.395386 0.106323 0.150269 
5.2854 -0.28418 -0.00256348 0.0698242 
5.28967 -0.127197 -0.0856934 0.299072 
5.31165 -0.619019 0.17981 -0.0267334 
5.30273 0.198853 0.466553 0.0496826 
5.28857 0.0699463 0.318726 0.00634766 
5.33167 -0.396851 -0.550293 0.435791 
5.29919 0.171997 0.395264 0.019165 
5.28955 -0.247681 0.197632 -0.0583496 
5.29797 -0.0361328 -0.286011 -0.198853 
5.29199 -0.203735 -0.302124 -0.00866699 
5.27979 0.0733643 -0.113892 -0.18689 
5.29297 0.201538 0.123291 -0.296509 
5.2887 0.290527 0.0860596 0.0794678 
5.29077 0.141235 0.0716553 -0.268555 
5.28613 -0.0882568 -0.174194 -0.194092 
5.29248 0.0330811 0.026001 0.0383301 
5.29053 -0.359985 -0.0772705 -0.0427246 
5.2887 -0.129272 0.260254 -0.0567627 
5.28772 -0.278198 -0.0753174 0.105347 
5.29517 0.0986328 0.245728 0.256714 
5.28406 -0.125366 0.0380859 -0.185669 
5.26672 0.010376 -0.052002 0.0378418 
5.27148 0.0904541 0.0400391 0.0179443 
5.2915 0.227417 -0.104858 -0.276611 
5.28052 0.123779 0.16626 -0.0759277 
5.29858 0.0319824 0.262451 0.0601807 
5.28418 0.265503 0.0266113 -0.0395508 
5.28455 0.0789795 -0.247192 -0.0803223 
5.29211 -0.174438 0.313232 -0.108765 
5.29663 -0.240601 -0.109619 -0.236084 
5.30359 0.0292969 0.178101 0.110107 
5.28967 0.0985107 -0.168579 -0.255371 
5.28613 -0.168335 0.246704 0.0496826 
5.28845 -0.208374 -0.114624 0.25293 
5.29211 -0.211792 0.16394 0.0506592 
5.29126 -0.0466309 0.331177 -0.00915527 
5.28943 -0.0324707 -0.321533 0.076416 
5.28906 -0.123413 0.241943 0.158081 
5.28894 0.171753 0.192749 0.186768 
5.27869 0.118896 0.14563 -0.00012207 
5.29578 0.30957 -0.281372 -0.0445557 
5.32605 0.754028 0.36145 -0.137817 
5.27344 -0.146362 0.00109863 -0.0115967 
5.29333 0.161133 0.175049 0.15271 
5.28674 0.074585 -0.296631 -0.0841064 
5.2887 -0.121948 0.281738 0.0229492 
5.28528 -0.09021 -0.212158 0.153931 
5.29126 0.0241699 -0.342773 -0.0155029 
5.29041 -0.322144 -0.0938721 -0.0057373 
5.28979 -0.168091 0.132935 0.108032 
5.28296 -0.189453 -0.164551 -0.0291748 
5.31262 -0.250977 0.419067 0.16333 
5.30347 0.366333 0.19043 -0.291138 
5.28723 -0.191284 -0.12085 -0.0842285 
5.32532 -0.398926 0.425415 0.664795 
5.29834 -0.10498 -0.385864 0.0427246 
5.29236 -0.266602 -0.00402832 -0.0245361 
5.28992 0.0428467 -0.331055 -0.00317383 
5.2926 -0.192749 -0.274658 -0.0429688 
5.35144 0.681396 -0.518921 -0.58606 
5.29553 0.153564 -0.0875244 0.246338 
5.29468 0.174561 0.356812 -0.0761719 
5.3092 0.378662 0.248779 0.368286 
5.28967 0.10791 0.298584 0.0980225 
5.28674 -0.242188 0.0168457 -0.148682 
5.28601 0.263672 0.0872803 0.0496826 
5.28357 0.226074 -0.0321045 -0.101196 
5.30383 0.350342 -0.0269775 -0.103271 
5.30493 0.122437 0.414307 0.0998535 
5.33411 0.874268 -0.0140381 -0.188843 
5.29065 -0.0963135 0.304077 0.0883789 
5.28882 0.278931 -0.0367432 -0.115845 
5.28723 -0.255615 0.224243 -0.0358887 
5.28174 -0.203247 0.0404053 -0.109253 
5.27917 0.133179 -0.152832 0.0380859 
5.3158 0.495239 0.337646 -0.16626 
5.29797 -0.0953369 -0.260254 0.260376 
5.29175 0.0776367 0.221802 0.132446 
5.29456 0.147949 -0.358398 -0.118042 
5.29907 -0.125244 0.318237 0.0230713 
5.29871 0.143433 0.0108643 -0.285889 
5.30066 0.0991211 -0.196411 -0.286987 
5.28601 -0.240479 0.0755615 0.074585 
5.29407 0.0198975 0.374146 -0.0361328 
5.29236 -0.0297852 -0.153198 0.177856 
5.28833 0.183472 0.0211182 0.204102 
5.28491 -0.162354 -0.217529 -0.0240479 
5.27856 -0.0606689 0.14209 0.106934 
5.29211 -0.112671 0.345215 0.0211182 
5.29651 -0.286377 0.172363 0.158569 
5.2865 0.138428 -0.11731 -0.265869 
5.30115 -0.286865 0.0250244 -0.290161 
5.27966 -0.00793457 -0.193237 -0.121216 
5.29797 -0.286011 -0.320801 0.0361328 
5.27832 -0.0512695 -0.214478 -0.00183105 
5.2959 0.0462646 0.28833 0.210815 
5.30872 -0.420044 0.326416 -0.0705566 
5.30005 0.0871582 0.0828857 -0.0141602 
5.28601 0.0958252 -0.116699 0.299805 
5.26941 0.0632324 0.0397949 0.00585938 
5.28857 0.264526 0.116333 0.0332031 
5.28467 0.146362 -0.169312 -0.121094 
5.2865 0.0213623 -0.0510254 -0.318237 
5.28711 -0.317627 0.0424805 -0.0213623 
5.28894 0.0631104 0.0270996 0.306885 
5.2843 -0.27478 0.0687256 0.0065918 
5.28491 0.276001 -0.0802002 -0.00109863 
5.30066 0.390015 0.263306 0.00170898 
5.29138 -0.197388 -0.0252686 -0.14502 
5.29346 -0.0710449 -0.241699 -0.252197 
5.28259 -0.149292 -0.205933 -0.133667 
5.28394 0.202393 -0.167358 -0.0161133 
5.2998 -0.442871 0.193115 -0.00769043 
5.29749 0.127563 0.126709 -0.0963135 
5.30505 0.0499268 -0.206665 0.0524902 
5.29138 -0.15918 -0.145874 0.205566 
5.27991 -0.170532 0.0169678 -0.102051 
5.29675 0.132202 -0.138672 -0.305054 
5.28015 0.215942 0.0184326 0.0134277 
5.30408 -0.355347 0.227905 0.00769043 
5.29309 0.360474 -0.0472412 -0.0723877 
5.32971 0.508911 -0.553467 -0.171387 
5.27197 -0.0480957 0.0761719 0.0397949 
5.2854 -0.100586 -0.11377 0.203003 
5.28711 -0.262451 -0.146118 0.121704 
5.28992 -0.112305 0.23999 0.1427 
5.31433 0.374023 0.310059 -0.299072 
5.29407 -0.287109 -0.0270996 -0.196045 
5.27295 0.0192871 -0.0406494 -0.137939 
5.2832 -0.17981 -0.154419 -0.171143 
5.33789 -0.356567 0.779785 -0.355957 
5.29761 0.188232 -0.235474 0.140381 
5.29871 -0.27356 -0.103027 -0.171875 
5.29639 0.0300293 -0.322021 -0.0628662 
5.27539 -0.0919189 0.133911 -0.0032959 
5.29541 -0.231934 0.174805 -0.126343 
5.29089 0.0164795 -0.22522 -0.268677 
5.29602 -0.0556641 -0.383301 -0.158569 
5.28589 -0.0189209 0.162354 -0.210449 
5.29565 0.208496 0.187988 0.301392 
5.27209 0.110718 0.00793457 0.046875 
5.28687 -0.0435791 0.0310059 -0.281494 
5.28687 -0.0440674 -0.257568 -0.0704346 
5.29688 -0.0135498 -0.432983 -0.122925 
5.28308 -0.071167 0.227539 -0.0554199 
5.27734 -0.142944 0.120239 -0.0235596 
5.29004 -0.319824 -0.0858154 0.0133057 
5.29333 -0.207031 0.0166016 0.142944 
5.29785 -0.273193 -0.267578 0.219849 
5.31946 -0.592041 0.314819 0.181274 
5.29346 -0.0301514 0.342773 -0.00891113 
5.2793 -0.0858154 0.104736 0.163818 
5.30566 0.338623 0.0239258 0.199951 
5.28979 0.304199 0.000610352 0.137573 
5.30432 0.434937 0.2771 0.0349121 
5.29382 -0.340698 0.0772705 -0.106323 
5.28491 -0.144653 0.146118 -0.207275 
5.28894 0.123535 0.224976 -0.11792 
5.29297 -0.0460205 0.353027 0.0631104 
5.29565 0.415649 0.14978 -0.0734863 
5.29651 -0.126099 -0.294434 -0.0714111 
5.29492 0.0736084 -0.128418 -0.284058 
5.29395 0.384521 -0.0366211 -0.0700684 
5.29944 -0.190063 -0.0700684 0.0577393 
5.29065 -0.319336 -0.0141602 -0.0516357 
5.2843 0.190308 -0.14624 0.0766602 
5.31018 -0.55542 0.052002 0.175537 
5.30054 0.0661621 -0.233887 0.00415039 
5.28467 -0.0820312 0.246094 0.10437 
5.28296 -0.125366 0.187744 -0.0522461 
5.302 -0.153687 -0.383667 0.0825195 
5.28931 -0.263794 -0.177734 0.108032 
5.28796 0.0288086 -0.281494 0.0335693 
5.29211 0.236084 -0.0805664 0.106201 
5.29321 0.161255 0.139648 0.212646 
5.2937 -0.307373 -0.0432129 -0.210083 
5.29102 -0.0471191 0.321777 -0.0439453 
5.30164 0.308472 -0.30835 0.14856 
5.2865 0.0344238 -0.296143 -0.136475 
5.29407 0.243286 -0.128296 -0.23645 
5.27795 -0.0561523 -0.0881348 -0.175171 
5.30261 0.244873 0.183838 -0.147583 
5.29504 -0.0496826 0.282104 0.20459 
5.29517 -0.286255 0.216675 0.128052 
5.28589 -0.108398 0.250366 -0.095459 
5.29639 0.25354 0.287598 0.0220947 
5.28992 -0.167236 0.202148 -0.15979 
5.30103 0.159058 -0.283569 0.157471 
5.31482 0.281616 -0.0777588 0.646606 
5.28674 0.238281 -0.0374756 -0.0623779 
5.29773 -0.320435 0.0559082 -0.194702 
5.29272 -0.342773 -0.181885 -0.0810547 
5.30286 -0.285522 -0.231201 -0.140137 
5.27319 0.131592 0.017334 0.0262451 
5.28235 -0.0128174 -0.159668 -0.197876 
5.28125 0.0894775 0.202148 0.0334473 
5.271 0.0217285 0.0841064 -0.017334 
5.28198 -0.0819092 -0.0102539 0.220581 
5.29663 0.203857 -0.268066 0.223389 
5.28857 -0.00476074 0.315186 -0.0910645 
5.29675 -0.345459 -0.245972 0.0528564 
5.29944 -0.167114 0.279785 0.239868 
5.28894 0.0623779 -0.254028 0.119995 
5.30273 -0.0484619 0.405151 -0.0959473 
5.29346 0.130981 0.234253 0.154053 
5.29346 -0.296143 0.0367432 -0.159302 
5.29468 0.22876 0.307373 -0.00134277 
5.26831 0.0032959 0.0294189 -0.0130615 
5.28894 -0.00244141 -0.296143 -0.144287 
5.27673 -0.0802002 -0.0633545 0.0125732 
5.28455 0.14624 -0.225098 0.0368652 
5.29089 0.317017 0.0625 0.117554 
5.2915 -0.0584717 -0.177612 0.273682 
5.30884 0.0955811 -0.0655518 0.193848 
5.30164 -0.440918 0.204468 0.039917 
5.29089 0.245605 -0.0611572 -0.16748 
5.28821 0.163452 -0.0628662 0.275635 
5.29199 0.163574 0.223755 -0.0925293 
5.29309 -0.106323 -0.307007 -0.0534668 
5.29309 -0.33374 -0.0144043 0.0234375 
5.29236 -0.326172 -0.196899 -0.0184326 
5.29675 0.397705 -0.0200195 0.0938721 
5.29089 -0.0615234 -0.324097 -0.0666504 
5.28552 -0.0341797 -0.286987 0.111206 
5.30579 -0.218384 -0.225342 -0.358276 
5.29297 0.196411 0.18335 0.238403 
5.33838 -0.366089 -0.701782 -0.528687 
5.28967 0.28418 0.0876465 -0.0854492 
5.30774 0.507812 -0.237549 -0.0258789 
5.28796 0.0803223 0.193237 -0.187622 
5.29211 0.234131 -0.195435 -0.125732 
5.2821 -0.249634 -0.0223389 0.0203857 
5.31152 0.543335 0.262817 0.220825 
5.29541 0.0661621 0.0422363 -0.0240479 
5.28723 -0.211548 -0.085083 -0.140503 
5.30359 0.103394 0.427246 0.115601 
5.29529 -0.102539 0.361206 -0.0872803 
5.32642 0.490356 -0.515015 0.25 
5.29736 0.0446777 0.130127 -0.217651 
5.28943 -0.105103 0.282715 0.0479736 
5.29785 -0.171021 -0.293213 -0.144409 
5.27368 -0.100586 -0.0698242 -0.116821 
5.29102 -0.199341 0.188965 -0.116699 
5.31445 0.446045 -0.090332 -0.403687 
5.29614 0.0566406 0.349731 -0.137085 
5.28345 -0.182373 -0.137207 0.134399 
5.29724 0.30603 -0.0819092 0.182251 
5.29419 -0.0201416 0.362793 -0.0513916 
5.34192 -0.738525 0.577515 0.30957 
5.30566 -0.0653076 -0.27417 0.0289307 
5.29822 0.213257 -0.352051 0.164795 
5.28857 0.25 0.0997314 0.139282 
5.28552 0.0904541 0.158936 0.164917 
5.29407 0.0517578 -0.213379 -0.241699 
5.27429 0.0324707 0.0598145 -0.0953369 
5.27063 0.0286865 0.0720215 -0.0123291 
5.29407 0.00415039 -0.268799 -0.183594 
5.29211 0.157593 -0.227661 0.242798 
5.29626 -0.4021 -0.137329 0.136475 
5.29297 0.34021 0.144287 -0.114014 
5.29016 0.0460205 -0.223633 0.13269 
5.29041 -0.26416 -0.190308 0.12915 
5.33679 0.0273438 0.666626 0.553955 
5.28967 -0.0374756 0.304688 -0.00622559 
5.29333 -0.0672607 0.338257 0.00817871 
5.29126 -0.114136 -0.190552 0.187622 
5.27783 -0.117188 0.0977783 0.141846 
5.28467 0.251343 -0.103394 -0.0065918 
5.29199 -0.0759277 -0.238037 -0.213867 
5.28979 0.27002 0.119385 0.224243 
5.30115 -0.346069 -0.00402832 -0.181519 
5.29993 0.223022 0.288696 0.0826416 
5.30164 -0.169678 0.0714111 0.318604 
5.28552 -0.162354 0.231079 0.0065918 
5.30676 -0.195312 -0.179565 -0.219238 
5.29102 0.290894 -0.241455 0.0335693 
5.29749 -0.314331 -0.0753174 0.332031 
5.26965 -0.0078125 -0.0952148 0.0375977 
5.28345 -0.106323 0.180786 -0.135498 
5.29932 0.197266 -0.197632 0.248413 
5.3136 -0.0596924 0.350952 -0.457275 
5.30103 0.171631 0.0836182 0.402222 
5.26404 -0.00158691 -0.00146484 0.00268555 
5.29333 0.0875244 -0.218994 0.105835 
5.30103 0.168579 -0.338745 -0.136353 
5.29346 -0.278809 0.135254 -0.0491943 
5.29993 -0.171875 0.258423 -0.276733 
5.27795 0.088501 -0.166138 -0.0715332 
5.28906 -0.227417 0.0605469 -0.146729 
5.30737 0.348755 -0.190674 0.343506 
5.27661 -0.0979004 -0.0648193 -0.0308838 
5.297 -0.00268555 0.390747 -0.00683594 
5.28467 0.0487061 -0.264893 0.09729 
5.29578 0.0700684 0.229126 -0.267822 
5.28406 -0.139648 -0.214355 -0.107788 
5.30493 0.415039 -0.144897 0.210938 
5.3042 -0.182251 -0.28186 -0.120483 
5.30359 0.210327 -0.174194 -0.0579834 
5.29504 0.254883 0.172974 -0.219604 
5.29761 0.137207 0.130371 -0.340942 
5.29041 -0.237305 -0.0866699 -0.221924 
5.29626 0.0164795 -0.382812 0.213257 
5.29395 -0.128784 -0.210083 -0.284058 
5.28296 0.190186 -0.15332 -0.0361328 
5.29138 -0.146973 0.237061 0.0692139 
5.28955 0.276978 0.175049 -0.103149 
5.29871 -0.222412 0.363525 0.146729 
5.3219 -0.587402 -0.0140381 -0.383789 
5.28516 -0.157349 0.0936279 -0.125366 
5.28662 0.0566406 0.264404 0.0419922 
5.30981 0.114258 0.46228 0.231567 
5.29932 -0.0339355 -0.289062 0.00964355 
5.29663 -0.32605 0.0151367 -0.0776367 
5.29504 0.249878 -0.282715 0.12793 
5.28809 0.102417 0.30542 -0.0168457 
5.2887 0.140381 0.197021 -0.154175 
5.30298 -0.26123 -0.12146 -0.0922852 
5.28918 -0.115845 -0.144775 0.225586 
5.32117 -0.414429 -0.313354 -0.588623 
5.28223 0.0490723 -0.195312 0.143311 
5.29956 0.197266 0.318359 -0.225342 
5.27612 -0.121582 -0.141479 -0.0554199 
5.28613 0.0279541 -0.254883 -0.0863037 
5.28833 -0.298828 -0.0974121 0.00756836 
5.30762 -0.294556 0.223389 -0.223877 
5.2948 0.240479 -0.380981 0.0155029 
5.28235 0.00292969 -0.223267 0.0601807 
5.30017 -0.368042 -0.0587158 -0.0401611 
5.29187 0.0931396 -0.187988 -0.0926514 
5.29553 0.249756 -0.252197 -0.135498 
5.28259 -0.139648 0.150879 -0.074585 
5.2876 0.206665 0.123413 0.152954 
5.30579 0.175781 0.406738 -0.0759277 
5.29407 0.274048 -0.172729 -0.169678 
5.26929 0.0368652 -0.0584717 -0.0380859 
5.29663 0.235718 0.341064 0.0406494 
5.29211 -0.304688 0.101196 0.0733643 
5.28406 -0.000610352 -0.041748 -0.0283203 
5.2782 0.115112 0.0579834 0.118652 
5.29663 0.426758 -0.0223389 0.0357666 
5.29016 -0.252075 0.216675 -0.0505371 
5.29016 0.250122 -0.050293 -0.0701904 
5.29163 -0.329468 0.155762 -0.0579834 
5.2832 0.201782 -0.0993652 0.100952 
5.3114 -0.568848 0.0733643 -0.137695 
5.30432 0.256836 -0.195557 -0.146362 
5.29138 0.0128174 -0.352661 0.126465 
5.28906 0.0137939 0.303589 0.119995 
5.29028 0.0240479 -0.316528 -0.138062 
5.28394 0.0158691 -0.269043 -0.0982666 
5.29944 -0.264038 -0.0766602 0.151001 
5.26929 -0.0645752 0.0355225 0.0113525 
5.29834 -0.202515 -0.281006 0.178955 
5.28613 -0.26123 0.0953369 0.020874 
5.29504 -0.113281 0.194092 0.0483398 
5.27747 -0.133545 0.0286865 -0.115479 
5.27844 -0.0356445 0.159058 0.0756836 
5.29138 0.157715 -0.320068 0.17688 
5.29663 -0.377197 -0.171143 -0.0952148 
5.29248 0.0501709 0.172485 0.248047 
5.28711 0.0203857 0.10791 0.251953 
5.28967 -0.0220947 0.176025 -0.204346 
5.31299 -0.251465 0.0610352 0.55481 
5.29065 0.0958252 0.211548 0.216187 
5.2959 -0.0189209 -0.180786 -0.0808105 
5.27112 0.103271 -0.0349121 0.00744629 
5.30054 -0.363647 0.0384521 -0.102539 
5.31213 -0.443848 0.134033 -0.327271 
5.28357 0.244263 -0.0595703 0.0638428 
5.29651 -0.38623 0.209961 0.00744629 
5.28479 0.228394 0.0489502 -0.0661621 
5.28381 -0.260254 -0.108887 -0.0605469 
5.30286 -0.137939 -0.328613 -0.0889893 
5.27319 -0.0928955 -0.0131836 -0.0466309 
5.28906 0.111328 0.159302 -0.185547 
5.28345 -0.169434 -0.235718 -0.0252686 
5.2915 -0.220947 -0.25293 0.0968018 
5.29858 -0.29126 -0.0384521 -0.311401 
5.28577 -0.116699 0.0195312 -0.322998 
5.30273 0.496338 0.111694 0.171631 
5.29395 0.131348 -0.00244141 0.17627 
5.2926 0.294067 -0.161255 0.0494385 
5.28528 0.0511475 -0.0917969 0.287598 
5.28259 0.280884 0.0313721 0.0256348 
5.26624 0.0318604 -0.00463867 0.00549316 
5.28516 0.0919189 -0.130493 -0.2229 
5.31165 -0.0715332 -0.275024 0.161621 
5.29504 -0.0148926 0.354858 -0.0657959 
5.28186 0.069458 0.206543 0.00256348 
5.29333 0.124756 0.188599 0.250854 
5.29041 0.29895 0.169312 -0.0505371 
5.27832 0.0769043 0.130493 0.0993652 
5.27576 0.173218 -0.0167236 0.0107422 
5.29016 0.0446777 -0.130371 0.333862 
5.297 0.081665 0.383789 -0.00646973 
5.28369 -0.0961914 0.0964355 0.118896 
5.30603 -0.337891 -0.192993 0.0987549 
5.28027 0.157104 -0.0583496 0.0482178 
5.34021 0.395386 0.949341 -0.0489502 
5.30457 -0.322388 -0.161743 0.195801 
5.27039 0.0378418 -0.0267334 -0.0186768 
5.28064 0.214355 0.0723877 0.0754395 
5.29504 0.302612 -0.101318 0.14209 
5.2937 -0.374023 0.136719 0.010498 
5.28796 -0.157593 0.27002 -0.067627 
5.29614 -0.34668 -0.0964355 0.0118408 
5.34778 0.0936279 -1.01929 0.129395 
5.32019 -0.512939 0.348145 0.355225 
5.2948 0.219604 -0.22876 -0.171753 
5.28125 0.163208 -0.156006 -0.0548096 
5.31799 -0.452759 -0.328003 -0.387573 
5.30603 -0.11084 0.177124 0.0439453 
5.28296 -0.0870361 -0.221924 -0.132446 
5.29211 0.258789 -0.0700684 -0.0473633 
5.30273 -0.140015 -0.333618 0.140381 
5.2937 -0.29248 0.203369 0.108032 
5.28394 0.252319 -0.0119629 0.0518799 
5.31995 0.0871582 0.65625 0.0377197 
5.29065 0.0870361 -0.271606 0.229248 
5.28235 -0.0499268 -0.126831 0.230347 
5.29065 0.0831299 0.262939 0.144897 
5.29443 -0.281616 -0.169922 -0.270142 
5.29517 -0.195312 -0.221313 0.136963 
5.3031 -0.106201 -0.390015 0.12793 
5.28955 0.213501 -0.151611 -0.147583 
5.28491 -0.178711 0.03479 0.243164 
5.28516 0.161255 -0.0720215 -0.237183 
5.28442 0.0584717 -0.275146 0.0473633 
5.28711 0.0404053 -0.251587 -0.162476 
5.27856 -0.11853 0.106567 0.0263672 
5.27954 0.166016 0.109253 -0.0328369 
5.28674 0.116211 -0.215576 -0.0570068 
5.26526 0.00695801 0.0115967 0.00256348 
5.28333 -0.212891 0.109741 0.071167 
5.29919 -0.341064 -0.264771 0.086792 
5.28943 -0.214722 -0.0643311 0.279663 
5.29407 -0.050415 0.288574 0.154907 
5.3009 0.273926 0.23938 0.138794 
5.29871 -0.34021 0.186646 0.181396 
5.2677 0.0178223 0.0170898 -0.0020752 
5.29736 -0.352051 0.0297852 0.180908 
5.28809 0.209351 -0.157593 -0.132935 
5.29956 0.0412598 0.345337 0.226318 
5.29297 0.17041 -0.18103 0.057251 
5.26831 0.0319824 0.00585938 -0.0493164 
5.30872 0.416504 -0.09729 0.0740967 
5.28784 0.177124 -0.192261 -0.239258 
5.30408 -0.336792 -0.101807 0.535767 
5.28577 -0.0960693 -0.0444336 -0.295654 
5.29834 0.161133 -0.270996 -0.150635 
5.29895 -0.371094 -0.0325928 -0.164795 
5.2876 0.0748291 0.188721 -0.156982 
5.30383 -0.21521 0.260498 0.0340576 
5.28552 -0.304443 0.0371094 -0.0147705 
5.28979 0.268555 -0.123047 0.0943604 
5.28992 -0.322021 0.0539551 0.069458 
5.28247 0.0144043 -0.239502 -0.0979004 
5.28186 -0.0861816 0.111206 0.10437 
5.2865 -0.167725 0.0385742 -0.275757 
5.30029 -0.337158 0.38623 -0.108154 
5.28687 -0.283447 -0.072998 0.00634766 
5.28198 0.112305 0.10791 0.154541 
5.29224 0.328003 0.0257568 -0.122681 
5.28589 -0.0229492 -0.0883789 0.172852 
5.29797 0.279053 -0.219238 0.264771 
5.31531 0.640991 0.114014 0.275269 
5.30847 -0.0819092 0.438477 -0.289062 
5.29407 -0.342041 -0.0761719 -0.110962 
5.29858 0.392334 0.219604 0.0925293 
5.30212 -0.126099 0.307495 -0.00866699 
5.2804 0.16394 -0.0700684 -0.0823975 
5.28687 0.112427 0.105591 -0.216431 
5.2887 0.189087 0.206421 -0.155396 
5.27795 0.119141 -0.0870361 0.10144 
5.29773 -0.195923 -0.352539 0.134766 
5.30249 0.137573 0.483398 0.107666 
5.30188 0.083374 -0.361328 0.218994 
5.28723 0.00671387 0.284668 -0.114014 
5.28528 0.239624 0.0338135 -0.0772705 
5.28809 0.264038 -0.108643 0.0787354 
5.29565 0.0463867 0.308838 -0.161133 
5.32935 -0.59668 0.363525 0.369507 
5.28381 -0.120117 0.172363 -0.135498 
5.31079 0.526245 -0.144165 0.139771 
5.30701 0.105835 -0.535889 0.202515 
5.2865 0.00695801 -0.180664 -0.239746 
5.28418 -0.223511 0.135498 -0.0732422 
5.30371 0.328735 0.361816 -0.00939941 
5.28809 0.0853271 -0.255371 0.159668 
5.30859 -0.396362 -0.358887 -0.0546875 
5.29565 -0.370728 -0.0460205 -0.0377197 
5.28076 -0.0987549 0.149048 -0.0871582 
5.29968 -0.0849609 0.439819 0.133057 
5.29199 0.0529785 -0.00598145 -0.00878906 
5.27502 0.0959473 0.0805664 0.064209 
5.29126 -0.276611 -0.09375 0.0224609 
5.28918 0.205322 -0.245361 0.0181885 
5.29761 0.00427246 0.368652 -0.219727 
5.29541 -0.0759277 0.311768 -0.165649 
5.29773 0.0506592 0.268311 -0.19873 
5.29895 -0.348999 0.299316 -0.117554 
5.29102 -0.111328 0.208496 0.171387 
5.29492 0.317871 -0.108032 -0.135864 
5.29639 -0.0869141 0.286255 0.140869 
5.29102 -0.26062 0.102417 0.200562 
5.29785 -0.209229 -0.0496826 -0.182251 
5.29688 -0.0697021 0.338623 -0.0429688 
5.29822 0.112427 -0.313965 0.0899658 
5.29321 0.242065 0.20813 0.0767822 
5.29382 0.0706787 0.358276 -0.0126953 
5.29224 -0.156738 0.116455 -0.381958 
5.30981 -0.249878 0.167236 -0.157349 
5.28821 0.0415039 0.26123 -0.143677 
5.29236 0.0322266 0.334717 -0.102783 
5.29175 0.0709229 -0.330933 -0.0300293 
5.29126 -0.22937 0.193848 -0.0628662 
5.28894 0.176392 0.236816 0.128784 
5.29187 -0.195312 0.0770264 -0.0321045 
5.29712 -0.324463 -0.104614 -0.078125 
5.28796 -0.276978 -0.00476074 0.0422363 
5.35229 -0.673828 0.411743 0.86853 
5.29382 -0.148438 0.293579 -0.150635 
5.28467 0.0396729 -0.138306 -0.210205 
5.29053 0.365723 -0.0656738 0.0422363 
5.28845 0.113159 -0.289307 -0.107056 
5.28882 0.0184326 -0.345581 -0.067627 
5.2793 -0.0810547 0.165161 -0.0727539 
5.28906 -0.0202637 0.29126 -0.0180664 
5.28418 -0.0450439 0.206055 0.140503 
5.29626 0.373047 0.203857 -0.0136719 
5.29919 -0.247559 0.0450439 0.162598 
5.28333 -0.0480957 -0.270752 -0.0354004 
5.35132 -0.476196 -0.408081 0.876587 
5.29956 0.108398 0.274292 0.28479 
5.29028 0.0557861 0.252075 -0.101196 
5.28271 -0.0422363 -0.260864 -0.0264893 
5.2876 -0.251221 -0.169189 -0.0654297 
5.29138 -0.126587 -0.166626 0.179688 
5.30249 0.0905762 0.379395 0.131348 
5.29895 -0.124634 0.246216 0.0817871 
5.28833 0.204468 0.171753 0.114868 
5.28076 -0.125366 0.177856 -0.0422363 
5.28918 -0.0947266 -0.265137 0.00598145 
5.32776 0.497803 0.418701 -0.476318 
5.29285 0.0621338 0.342285 0.0963135 
5.28406 -0.1427 -0.223145 0.0477295 
5.28918 -0.0705566 0.226074 0.201172 
5.28845 -0.0839844 -0.0235596 -0.355103 
5.30493 -0.514648 -0.0366211 0.00170898 
5.28833 0.0450439 -0.293091 -0.116333 
5.29517 0.145874 -0.35083 0.0180664 
5.29041 0.0328369 0.339478 -0.0631104 
5.28906 -0.256958 0.115234 -0.133057 
5.27808 0.0144043 0.182373 -0.00585938 
5.30737 -0.392578 0.412476 0.103027 
5.29065 -0.28186 0.0700684 -0.118652 
5.29504 -0.242432 0.204102 -0.194702 
5.28662 -0.235352 -0.192505 -0.144043 
5.29004 -0.12854 -0.126465 0.0272217 
5.27844 0.00646973 -0.204224 -0.0297852 
5.33032 0.675171 0.325073 -0.490234 
5.30103 0.271118 -0.226807 -0.098877 
5.29541 0.272583 -0.243652 0.0666504 
5.2915 -0.265015 -0.162964 0.157227 
5.29236 0.0866699 0.00939941 0.0318604 
5.30054 0.337891 -0.0202637 -0.0842285 
5.28162 0.176392 0.144043 -0.0174561 
5.29309 -0.313232 -0.0119629 0.137451 
5.3031 -0.171021 0.165894 -0.0230713 
5.28418 0.228271 0.119019 0.0722656 
5.29297 -0.112305 -0.353516 -0.0693359 
5.2998 -0.354004 -0.212524 -0.0351562 
5.29785 -0.244995 -0.179077 -0.363159 
5.31372 -0.0748291 0.00610352 0.0489502 
5.30542 -0.0168457 -0.510742 -0.0579834 
5.2959 0.233887 -0.179688 -0.253662 
5.28223 0.141968 -0.00964355 -0.246948 
5.2998 -0.286621 -0.185059 -0.0419922 
5.28931 0.034668 0.197388 -0.203735 
5.29749 -0.359131 0.144043 0.101562 
5.29468 -0.0419922 -0.195801 0.258545 
5.29126 -0.085083 0.255249 -0.168945 
5.30127 -0.158081 -0.481812 0.111328 
5.29773 0.286621 0.149536 0.0233154 
5.2749 0.0322266 0.129517 -0.0233154 
5.28259 0.126465 -0.0888672 -0.213745 
5.30835 -0.229248 -0.303833 -0.378418 
5.26758 0.0396729 -0.0321045 -0.013916 
5.29358 -0.0895996 -0.332642 -0.0129395 
5.28564 0.275635 -0.138062 0.0118408 
5.29614 -0.268311 0.163818 0.0540771 
5.28748 -0.22998 -0.198975 -0.194458 
5.27808 -0.0270996 -0.153809 0.126831 
5.28186 0.100952 -0.120239 -0.140137 
5.28125 0.00170898 -0.186768 0.169556 
5.29028 0.238403 0.00695801 0.0178223 
5.29675 0.319702 0.0192871 0.274414 
5.29065 0.271729 0.105835 0.0373535 
5.30554 0.194336 0.329468 -0.182617 
5.28137 -0.197021 0.179077 -0.00634766 
5.297 0.282715 0.289795 0.0540771 
5.29846 -0.371216 -0.15564 -0.161987 
5.29236 0.335693 0.0548096 -0.0523682 
5.29517 -0.100098 -0.127441 0.390503 
5.29431 0.326416 -0.22876 0.0822754 
5.28638 -0.261475 0.103882 -0.0646973 
5.31482 -0.0568848 0.635376 0.0571289 
5.28955 0.170776 0.261108 0.0557861 
5.29028 0.262573 0.124878 -0.169922 
5.28479 0.172729 0.0507812 0.205688 
5.29919 0.257935 -0.231934 -0.0899658 
5.30457 0.135132 -0.479004 0.224976 
5.28979 0.130493 -0.279053 -0.0440674 
5.29382 0.257568 0.0253906 -0.241577 
5.29456 0.0441895 -0.309692 0.120483 
5.29871 0.138184 0.435181 0.0793457 
5.27966 0.15918 -0.064209 0.10498 
5.29175 0.0808105 0.304565 0.0631104 
5.29163 -0.191528 0.30481 0.00756836 
5.29309 -0.356079 0.137939 -0.0545654 
5.29126 -0.248413 -0.128052 -0.135498 
5.29749 0.312378 -0.191895 0.0134277 
5.28674 -0.277466 0.0557861 0.0810547 
5.28101 0.115112 0.188232 0.0229492 
5.28186 -0.0950928 -0.22644 -0.0874023 
5.27429 -0.154907 -0.0537109 -0.00512695 
5.31763 0.525635 -0.173096 -0.300537 
5.28589 -0.22644 0.0943604 0.121582 
5.29224 -0.293213 -0.217041 0.0166016 
5.29993 0.295898 0.0985107 0.184814 
5.302 -0.310669 -0.144653 -0.194702 
5.29077 -0.109863 -0.0253906 0.344482 
5.32129 0.452881 0.559448 0.27124 
5.29187 0.0452881 0.205078 -0.22876 
5.297 -0.0314941 -0.304077 0.258301 
5.29895 0.31665 0.233032 0.0506592 
5.30005 -0.0703125 0.0443115 0.013916 
5.28333 0.194336 0.0598145 -0.161377 
5.29285 0.0665283 0.26709 0.0546875 
5.29028 -0.193726 0.1604 0.0621338 
5.29639 0.00952148 0.214844 -0.312744 
5.28772 0.0665283 0.215942 -0.152954 
5.33606 -0.416382 0.780273 -0.332886 
5.27722 -0.175171 -0.015625 0.0270996 
5.28992 -0.150269 0.267578 -0.142456 
5.29517 -0.0289307 -0.378296 0.202026 
5.29773 -0.0921631 0.210693 0.227783 
5.29456 -0.160034 -0.239258 0.203491 
5.2959 0.373169 -0.0274658 -0.161255 
5.31079 -0.415527 0.183716 -0.310425 
5.30029 -0.189575 -0.259888 -0.285156 
5.2926 -0.381348 -0.0163574 -0.0858154 
5.2937 0.330444 -0.0216064 -0.175659 
5.29333 -0.313721 0.193604 0.0737305 
5.28662 -0.0395508 -0.308838 -0.0361328 
5.29651 -0.363281 0.140869 0.0463867 
5.30652 0.0131836 0.0439453 -0.0162354 
5.28979 -0.295898 0.0273438 0.0969238 
5.28833 -0.192505 -0.199219 0.173828 
5.30261 0.196777 0.0991211 0.287598 
5.28931 0.176392 -0.0670166 0.280029 
5.29517 -0.231567 -0.0875244 0.147583 
5.28894 0.235596 -0.11853 0.127075 
5.35046 -0.693604 -0.764771 -0.10791 
5.2821 0.0560303 0.219238 -0.0596924 
5.28503 0.10083 0.224487 0.0617676 
5.27966 0.134521 0.150269 0.0535889 
5.29724 -0.31189 -0.0736084 -0.0333252 
5.28894 0.0786133 -0.313843 -0.00134277 
5.29199 0.248535 -0.0814209 0.0751953 
5.29309 -0.00817871 -0.204834 0.286865 
5.28101 0.182495 -0.133179 -0.00769043 
5.28455 0.119873 0.215454 -0.0839844 
5.28125 -0.0593262 -0.17041 0.106934 
5.28967 -0.2854 -0.175537 -0.185181 
5.30432 0.11853 -0.325195 0.204834 
5.2688 0.0595703 -0.0423584 0.0107422 
5.29297 -0.304443 0.140259 0.128418 
5.29785 0.213379 -0.24585 -0.0354004 
5.30688 0.384155 -0.0395508 0.283569 
5.2948 -0.175415 -0.234253 0.10498 
5.27832 -0.0493164 0.122559 0.057251 
5.30054 -0.322632 0.351562 0.147095 
5.27246 0.0655518 -0.0576172 0.0847168 
5.29016 0.251953 0.138794 0.141846 
5.28723 -0.0715332 0.229492 0.172852 
5.29016 0.0128174 0.32251 0.0773926 
5.29419 0.0709229 -0.197876 -0.269287 
5.30969 -0.540771 -0.294678 -0.141602 
5.29224 0.22876 -0.168091 0.151733 
5.28247 -0.236572 -0.0195312 0.00805664 
5.28601 -0.125244 -0.269287 0.100708 
5.2937 -0.0189209 -0.182617 -0.261963 
5.28259 -0.153442 -0.0690918 -0.186523 
5.28406 0.0220947 0.193848 0.0471191 
5.30078 0.0699463 -0.178589 0.255615 
5.30127 -0.313232 0.383545 -0.17749 
5.30762 -0.0854492 0.424683 0.272339 
5.30273 -0.192749 -0.161133 0.125977 
5.29431 0.205688 -0.328369 0.0012207 
5.30029 -0.359619 -0.250732 -0.0306396 
5.29089 0.241333 0.0498047 0.161743 
5.28845 0.239746 0.174072 0.0524902 
5.29333 -0.368042 0.193481 -0.0308838 
5.2998 -0.0461426 0.440552 -0.0288086 
5.27307 0.0437012 0.108398 -0.022583 
5.29553 -0.33313 0.141968 -0.0703125 
5.29016 -0.0758057 -0.298584 0.0456543 
5.29309 -0.198608 -0.212769 -0.152588 
5.28992 0.19165 0.182861 -0.193726 
5.2688 -0.0415039 0.0550537 -0.00805664 
5.27893 -0.205811 0.0234375 0.0324707 
5.28174 0.191772 0.0767822 -0.0976562 
5.30237 0.421997 0.00732422 0.196045 
5.30664 -0.026001 0.500488 0.00512695 
5.29456 -0.222046 -0.125122 -0.127075 
5.29529 -0.34729 0.127197 0.131226 
5.29224 -0.356323 -0.171143 0.00671387 
5.29358 0.229004 -0.248657 -0.0430908 
5.29272 -0.307983 -0.0247803 -0.152466 
5.28552 0.0760498 0.244751 -0.0941162 
5.29333 0.316772 -0.0993652 0.105225 
5.29236 0.230835 -0.092041 0.223022 
5.30518 -0.11377 0.171021 -0.109131 
5.28052 -0.142822 -0.0662842 0.0628662 
5.29187 -0.147461 -0.21521 -0.248657 
5.29724 0.319824 -0.00427246 0.190796 
5.29028 -0.321045 -0.158569 -0.0356445 
5.2948 -0.333008 -0.150269 -0.029541 
5.28528 -0.147339 0.231812 -0.0625 
5.28076 0.0617676 -0.203613 -0.127197 
5.30286 -0.320923 -0.00769043 0.277222 
5.31067 0.241943 0.447876 -0.272705 
5.29541 -0.165405 0.247314 -0.204224 
5.28174 0.167847 0.135864 0.0437012 
5.27808 -0.156128 0.0717773 0.0362549 
5.26855 0.00378418 -0.0544434 -0.0960693 
5.29138 0.0251465 0.340332 -0.055542 
5.30432 0.166138 -0.394775 0.258789 
5.28113 0.0454102 0.210815 -0.00378418 
5.27942 -0.0111084 -0.214722 0.0742188 
5.2843 0.18811 0.127441 0.152344 
5.29651 -0.0675049 0.259644 0.203491 
5.29187 -0.258789 -0.233154 0.106201 
5.30664 -0.382324 -0.34729 -0.0827637 
5.29639 0.227051 -0.120728 0.274048 
5.28687 0.237061 -0.0155029 -0.126221 
5.28943 0.134277 -0.210938 -0.0623779 
5.3009 -0.0631104 0.352661 0.180176 
5.29724 0.342529 0.092041 -0.141846 
5.29321 0.315308 0.160767 -0.109375 
5.29504 -0.229858 -0.199219 0.15271 
5.30884 -0.447632 0.22644 -0.242188 
5.28992 -0.0570068 -0.285156 0.16272 
5.30945 0.450562 0.331299 -0.0351562 
5.2887 0.233765 0.00744629 0.142822 
5.29163 0.24585 -0.205078 -0.0791016 
5.28796 -0.229492 0.138672 0.106079 
5.28833 -0.162354 0.290161 0.0682373 
5.28552 -0.219971 0.0148926 -0.168091 
5.29895 0.41272 0.0844727 -0.0786133 
5.29944 -0.297241 0.190918 0.201904 
5.27673 -0.113647 0.0273438 -0.123657 
5.29602 0.314941 -0.255127 -0.0883789 
5.29529 0.101318 -0.379517 0.065918 
5.28882 -0.227295 0.26355 -0.0744629 
5.29175 0.271606 -0.171143 -0.0186768 
5.27832 0.0098877 -0.129272 -0.115112 
5.28394 0.115723 0.0472412 0.259033 
5.29749 -0.0856934 0.247925 0.0227051 
5.32666 -0.142456 -0.760864 0.279663 
5.2981 -0.274414 -0.120605 -0.0307617 
5.28064 0.0634766 -0.119385 0.0723877 
5.30896 -0.325195 0.059082 0.110718 
5.29541 0.0725098 0.219604 0.252686 
5.29065 -0.0229492 0.320679 -0.0111084 
5.28528 0.115356 0.109985 -0.19397 
5.28601 0.240112 0.166382 0.026123 
5.29456 -0.250366 -0.303833 0.0222168 
5.2876 0.0861816 -0.221802 -0.0921631 
5.27649 -0.0437012 -0.180542 -0.0877686 
5.28333 0.205811 0.137451 -0.0610352 
5.29993 0.00866699 0.196533 0.311035 
5.29309 -0.190674 0.0844727 -0.170898 
5.29529 -0.31543 0.0767822 0.0131836 
5.28076 -0.191772 0.00012207 0.124756 
5.29675 -0.331787 -0.117432 0.221069 
5.2926 -0.316895 -0.0369873 0.129028 
5.29871 0.247803 0.275635 -0.224365 
5.2865 -0.0598145 0.12207 -0.286865 
5.26965 0.0404053 0.0522461 0.00744629 
5.29041 0.263428 -0.0423584 0.179321 
5.3418 0.057251 -0.710571 -0.644653 
5.26794 0.0615234 0.00476074 0.0045166 
5.2937 0.157593 -0.261475 -0.130493 
5.28674 -0.251099 0.098877 0.0998535 
5.29614 0.116577 0.20813 0.25354 
5.29785 0.210815 -0.363159 -0.020752 
5.29883 -0.375488 0.175659 0.111206 
5.28784 0.2146 0.158081 -0.0180664 
5.29199 -0.0305176 -0.273071 -0.0626221 
5.28687 0.231689 -0.166992 -0.0352783 
5.30371 0.0247803 -0.386353 0.127319 
5.29175 -0.0897217 0.265869 -0.129761 
5.30212 0.25061 0.0340576 -0.155029 
5.28149 -0.164917 0.0673828 0.0639648 
5.29016 0.228638 0.165527 -0.146362 
5.29822 0.316406 0.140747 -0.10022 
5.29834 0.0515137 0.373169 0.0649414 
5.28638 -0.233765 -0.194214 -0.0144043 
5.28625 0.20105 -0.159058 0.0821533 
5.29163 -0.168091 0.199707 0.10144 
5.29236 -0.293579 0.0969238 -0.123657 
5.31494 -0.631958 -0.279663 0.0638428 
5.30249 0.304932 0.157959 0.131714 
5.29333 0.317139 -0.236938 0.00439453 
5.2793 0.0358887 0.187012 -0.0362549 
5.2887 -0.291138 0.0378418 0.10376 
5.28894 0.057373 0.307861 -0.0963135 
5.3291 -0.667847 -0.303101 -0.292603 
5.29407 0.0412598 0.377075 -0.0678711 
5.27478 -0.0499268 -0.164062 -0.0124512 
5.28076 -0.0600586 -0.235107 -0.083374 
5.28662 -0.098999 -0.223145 -0.178589 
5.26868 -0.0445557 -0.0012207 0.0714111 
5.28467 0.188232 0.0111084 -0.18042 
5.28552 0.102295 -0.289062 0.0849609 
5.2804 0.125854 0.175781 -0.0366211 
5.28149 -0.167236 -0.14917 -0.0357666 
5.29028 0.161133 0.083374 -0.253052 
5.26709 0.00817871 0.0352783 0.0020752 
5.297 -0.219727 -0.105591 0.211304 
5.29993 -0.334473 0.123657 -0.19458 
5.29907 0.336426 -0.155884 0.182129 
5.29639 0.252808 0.328247 -0.0495605 
5.29333 -0.24939 0.0623779 -0.136475 
5.2771 -0.187134 -0.05896 0.0151367 
5.28394 -0.239502 0.0838623 -0.0528564 
5.30798 -0.287354 0.389648 0.193726 
5.3009 0.237549 -0.208252 0.363037 
5.3042 -0.291138 0.0737305 0.0543213 
5.30664 -0.240845 -0.17627 -0.041748 
5.2804 0.032959 -0.214355 0.00134277 
5.2832 0.0609131 0.0638428 -0.228149 
5.28943 -0.00598145 -0.295288 0.00805664 
5.2804 -0.0386963 0.142334 0.0668945 
5.28699 -0.189087 0.225342 -0.107178 
5.29712 0.10791 0.380859 0.159546 
5.28552 0.19812 -0.200684 0.0554199 
5.28943 -0.232422 0.0494385 0.258789 
5.2876 -0.200806 0.160522 0.00439453 
5.2915 0.039917 -0.0726318 -0.291016 
5.29822 -0.19104 -0.230957 -0.112549 
5.29456 -0.231201 0.150879 -0.208862 
5.30994 0.268677 -0.557251 -0.179932 
5.28162 0.0942383 -0.178467 0.156982 
5.29431 0.259888 0.110596 0.147095 
5.27686 0.0582275 0.147339 0.0506592 
5.28357 0.0394287 -0.24646 0.128418 
5.29822 -0.120239 -0.39209 -0.129028 
5.29053 -0.010376 -0.133301 0.10437 
5.29578 -0.00866699 -0.338257 -0.259644 
5.29004 -0.0827637 0.255249 -0.156616 
5.29724 0.246094 0.0389404 0.0450439 
5.28979 -0.145264 0.0617676 -0.078125 
5.28125 0.0546875 -0.125366 0.106323 
5.28284 -0.226562 -0.0157471 0.0982666 
5.29895 0.23938 0.342041 -0.118652 
5.2771 0.121338 -0.0218506 0.0588379 
5.28149 -0.143555 -0.179321 -0.032959 
5.2865 -0.156372 0.16687 0.228027 
5.29504 -0.381226 -0.103271 0.0957031 
5.30249 -0.395996 0.0476074 -0.219482 
5.29248 -0.137573 0.173218 -0.144775 
5.29333 0.00354004 -0.370728 0.0432129 
5.31287 0.528076 -0.284424 0.0303955 
5.28894 -0.261353 0.133545 0.0924072 
5.29419 0.11731 0.311523 0.15918 
5.28259 0.151733 -0.184692 0.020752 
5.28455 0.238281 0.00415039 -0.0931396 
5.2887 0.200195 0.164795 0.173584 
5.30139 0.353271 -0.0678711 -0.236572 
5.2843 -0.101562 -0.172974 0.176392 
5.30859 0.0137939 0.0438232 0.00756836 
5.28711 0.266357 -0.140259 -0.00720215 
5.27856 0.0609131 -0.101562 0.200195 
5.29968 -0.289673 -0.183105 -0.156616 
5.29016 -0.193848 -0.223389 -0.0286865 
5.27783 0.192261 0.0334473 -0.019165 
5.29102 0.0544434 -0.156982 -0.233276 
5.26733 -0.0462646 0.0356445 -0.0119629 
5.29932 0.395508 -0.0516357 0.0214844 
5.27734 0.144775 0.0994873 0.0111084 
5.29102 0.202881 -0.162598 -0.229858 
5.28662 0.252563 -0.142212 0.0174561 
5.29016 -0.036499 0.348267 0.0264893 
5.30969 -0.554443 -0.230591 0.0760498 
5.28467 -0.277954 -0.0101318 -0.0522461 
5.26733 0.0449219 0.0236816 0.00256348 
5.29993 -0.203979 -0.213867 -0.0423584 
5.26587 0.0196533 0.0151367 0.00256348 
5.29529 0.244141 0.24231 -0.0655518 
5.2926 -0.297241 0.0970459 -0.12207 
5.30383 0.395264 -0.185425 0.17334 
5.2948 -0.00195312 -0.362183 0.215576 
5.29858 0.430542 -0.116211 -0.0361328 
5.28882 -0.115234 -0.249512 -0.00610352 
5.28857 -0.0150146 0.227173 -0.0445557 
5.2887 0.260864 0.0582275 0.123169 
5.29163 -0.290405 0.152588 -0.0650635 
5.30164 -0.340088 0.273315 -0.0670166 
5.29944 0.327637 -0.0826416 0.259521 
5.29175 -0.179688 -0.243896 -0.179443 
5.29492 -0.205688 -0.137939 -0.130371 
5.29163 -0.178589 0.163452 -0.154419 
5.30139 0.0899658 -0.416016 -0.200195 
5.29041 -0.0605469 -0.326172 0.132568 
5.28442 -0.0739746 0.154663 -0.205444 
5.29883 -0.282715 0.161377 -0.297119 
5.27954 0.127441 0.0690918 -0.148804 
5.2915 0.010376 0.240967 0.206299 
5.30347 0.0915527 0.271362 -0.105957 
5.29065 0.207153 0.0328369 -0.247314 
5.28662 0.168579 0.223877 0.0826416 
5.29065 0.00463867 0.328369 0.036499 
5.29907 -0.321655 -0.231812 0.0506592 
5.29468 -0.106079 -0.248169 -0.253662 
5.30273 -0.47644 -0.17395 -0.122314 
5.34583 0.810791 -0.293579 -0.396973 
5.29041 0.249756 0.199341 0.00769043 
5.28186 0.0906982 -0.23999 -0.095459 
5.29626 -0.38147 0.0661621 0.128662 
5.28308 -0.0661621 0.214722 0.0111084 
5.29126 -0.0356445 0.227783 -0.123901 
5.28979 -0.11084 -0.224609 0.17334 
5.28955 0.361084 0.0390625 -0.0290527 
5.27905 -0.166992 -0.0113525 0.115356 
5.29541 0.32373 0.0762939 -0.083374 
5.29004 -0.177734 0.184326 -0.118408 
5.28552 0.0817871 -0.284302 -0.0534668 
5.32141 -0.627075 0.161011 0.252075 
5.29565 -0.341797 -0.107422 -0.187744 
5.2876 0.265869 0.137695 0.116699 
5.2915 0.0617676 -0.334229 -0.146484 
5.27771 -0.203735 -0.0687256 0.03479 
5.29907 0.0544434 -0.271606 -0.322632 
5.27991 0.178345 -0.0593262 0.0612793 
5.28662 -0.14856 -0.176514 -0.123047 
5.29761 0.192261 0.343506 0.0289307 
5.28796 0.240479 -0.0888672 -0.0474854 
5.28552 0.127441 0.210205 0.0299072 
5.29565 0.088623 0.416504 -0.0280762 
5.27991 0.154175 0.121338 0.0849609 
5.31506 0.146484 0.354248 -0.449951 
5.27979 -0.0649414 -0.140381 -0.0743408 
5.29419 0.123291 0.27002 -0.198242 
5.27698 -0.0965576 -0.0111084 -0.148193 
5.28381 0.253906 0.0219727 -0.0935059 
5.30737 -0.383667 0.115601 0.364136 
5.29333 -0.129517 0.326294 0.00280762 
5.30127 0.0926514 -0.373657 0.119751 
5.29712 0.119263 -0.193604 0.209717 
5.28333 0.254761 -0.020874 -0.0292969 
5.29102 -0.295288 0.2052 -0.0739746 
5.27917 -0.155884 -0.102661 0.141724 
5.33545 -0.612061 0.0529785 0.750488 
5.29431 -0.106323 0.28418 0.0650635 
5.27844 -0.0219727 0.177002 0.0447998 
5.28857 0.11084 -0.207886 0.235718 
5.29443 -0.332642 0.0939941 -0.123535 
5.29504 -0.190186 -0.348755 0.00463867 
5.30359 0.0334473 0.452515 0.020752 
5.29663 0.155884 0.279175 0.233276 
5.30066 0.00012207 0.470337 0.0487061 
5.29211 0.334839 -0.138184 -0.0136719 
5.29272 0.174194 0.165894 -0.273071 
5.28943 -0.212036 0.278198 -0.000610352 
5.29749 0.13208 0.00683594 0.0831299 
5.28809 -0.0354004 0.23877 -0.124878 
5.27698 0.0512695 0.111938 0.0887451 
5.30005 0.338379 0.219971 -0.146729 
5.3009 -0.283936 -0.191772 -0.0512695 
5.29431 0.0983887 -0.291626 0.0855713 
5.29639 0.2146 -0.132935 -0.0286865 
5.28552 -0.179565 -0.102417 0.234741 
5.29834 0.292725 -0.272461 0.123413 
5.29382 -0.317261 0.00720215 -0.13208 
5.28931 -0.341431 -0.0583496 0.0577393 
5.27979 0.0454102 0.166382 -0.0562744 
5.29187 0.065918 -0.320679 0.0280762 
5.2699 -0.079834 0.036377 -0.0065918 
5.28674 -0.208984 -0.188477 -0.000244141 
5.27966 -0.168579 0.0726318 0.0976562 
5.28113 0.190918 0.0306396 -0.126953 
5.29517 0.189697 -0.174683 0.105225 
5.29016 0.294312 0.0800781 0.0303955 
5.28711 0.0656738 -0.287476 0.154297 
5.29333 -0.0640869 -0.306519 -0.0509033 
5.30518 -0.503174 0.159546 -0.0928955 
5.28711 -0.18103 0.00537109 -0.279907 
5.32605 -0.710938 -0.307373 -0.292114 
5.2915 -0.232788 -0.246338 -0.0253906 
5.28345 -0.0266113 0.256104 -0.00268555 
5.3075 -0.190308 -0.478149 0.106934 
5.28503 0.138306 0.0964355 0.216431 
5.27942 -0.101685 0.170776 -0.0540771 
5.30005 0.309814 0.289917 0.234375 
5.28723 0.143433 0.162598 0.104858 
5.30139 -0.0870361 0.122314 0.405151 
5.27563 0.0738525 -0.16394 -0.0228271 
5.28284 -0.10376 -0.229492 0.0823975 
5.29297 0.334106 0.100708 0.111206 
5.29614 0.173462 0.142578 0.266113 
5.29016 -0.0401611 0.0349121 -0.0134277 
5.28955 -0.00671387 0.2323 -0.158813 
5.29443 -0.310425 -0.00390625 -0.148315 
5.28552 -0.181519 0.189209 -0.131226 
5.26294 -0.00708008 -0.0140381 0.00305176 
5.28882 -0.167725 0.28125 -0.0604248 
5.28186 -0.172241 -0.103516 -0.122314 
5.26562 0.0158691 -0.00671387 -0.020874 
5.2937 0.162231 -0.150269 0.166626 
5.28931 0.207031 -0.0112305 -0.25 
5.28748 -0.124146 0.0289307 -0.0819092 
5.29651 0.325195 -0.0332031 -0.164307 
5.3197 0.555908 -0.489502 0.131836 
5.26392 -0.012207 -0.00744629 -0.00610352 
5.29395 -0.142578 0.108887 0.15332 
5.29077 -0.33728 0.115356 0.0164795 
5.29907 0.148804 -0.43689 -0.122925 
5.31226 -0.412598 -0.38269 -0.0769043 
5.29321 0.340332 0.150635 0.179321 
5.30884 0.397217 0.38916 -0.020752 
5.2981 0.032959 -0.442017 -0.000366211 
5.29016 0.218628 0.139282 0.0447998 
5.28137 -0.18396 0.123535 -0.0882568 
5.29419 0.237671 0.128296 -0.258667 
5.28723 -0.0876465 -0.107178 0.0220947 
5.28711 0.0718994 0.165771 -0.0322266 
5.29395 -0.180908 0.162109 -0.224731 
5.28552 -0.170044 -0.22998 0.0931396 
5.2865 -0.192017 0.13623 -0.112427 
5.29175 0.0289307 0.199585 0.243408 
5.30664 -0.0195312 -0.517212 -0.128296 
5.29773 0.258911 -0.159302 -0.25647 
5.29333 0.27832 0.253784 -0.104126 
5.28333 -0.22998 0.117188 -0.0404053 
5.28455 0.106445 0.0577393 0.239868 
5.30029 0.19458 0.296753 0.259399 
5.29211 -0.249878 0.240845 0.0174561 
5.29944 0.0900879 0.453613 -0.0617676 
5.29297 0.102905 0.100342 0.229248 
5.29822 -0.234741 0.214111 0.038208 
5.29529 -0.322998 -0.194336 -0.218262 
5.28003 -0.183105 -0.0732422 0.03479 
5.28906 -0.322266 -0.114014 -0.0158691 
5.29395 0.293701 -0.039917 -0.0957031 
5.2821 0.172241 0.137695 0.0938721 
5.30347 -0.201416 0.219116 0.019043 
5.30725 -0.18396 -0.530884 0.162476 
5.29468 0.272705 -0.129272 0.164551 
5.30188 -0.351685 0.0773926 0.0223389 
5.2948 -0.322632 -0.136719 -0.0302734 
5.28687 -0.143066 -0.172607 -0.196411 
5.28113 -0.0877686 0.00634766 -0.197388 
5.29517 -0.260986 -0.112793 -0.29126 
5.29297 0.321777 0.0631104 0.113281 
5.30176 -0.0656738 0.366699 -0.178711 
5.29126 -0.223999 0.287354 0.0811768 
5.2937 -0.153442 0.322388 -0.150391 
5.29358 0.228149 -0.0144043 0.222046 
5.30103 0.341309 -0.0655518 0.276733 
5.27209 0.0565186 -0.0855713 0.0736084 
5.2915 0.252563 -0.0509033 -0.0932617 
5.29553 0.293579 0.265991 0.109009 
5.28894 0.0114746 0.258545 0.111694 
5.27954 0.0762939 0.174683 -0.026123 
5.2937 0.254761 0.24707 -0.167236 
5.30139 -0.0970459 -0.401855 0.0299072 
5.28247 0.112793 0.0512695 -0.222534 
5.30054 -0.376343 0.210083 0.12561 
5.28235 -0.111816 -0.222412 -0.0897217 
5.27954 -0.16626 -0.144043 -0.106812 
5.28723 -0.0617676 0.128296 0.216431 
5.29443 -0.113403 0.304565 -0.078125 
5.29321 -0.156006 0.262207 0.242798 
5.32739 0.553833 0.385864 -0.456909 
5.28943 0.324341 -0.00769043 -0.0273438 
5.28784 0.339111 0.0109863 -0.0151367 
5.29456 -0.234863 -0.0731201 0.178467 
5.29919 -0.330688 0.355103 0.0283203 
5.27979 -0.169189 0.0170898 0.0527344 
5.28308 -0.133789 0.0343018 -0.251099 
5.29773 -0.210938 -0.188477 0.226196 
5.29004 -0.0496826 -0.196289 0.271973 
5.29614 -0.300293 -0.185059 0.213501 
5.29578 0.253174 0.133057 0.319824 
5.28772 -0.114014 0.107666 0.316162 
5.28381 0.204834 -0.0644531 -0.00927734 
5.27185 0.0866699 -0.0511475 0.0343018 
5.29968 -0.0858154 0.406372 0.0310059 
5.29114 -0.230835 -0.249023 -0.108643 
5.29443 -0.201538 0.139282 0.257446 
5.27661 0.0483398 0.158447 -0.0134277 
5.28992 -0.164307 0.196899 0.162109 
5.27954 0.118042 0.16687 -0.0500488 
5.28247 -0.196777 -0.0405273 -0.146362 
5.26965 -0.067627 0.0227051 0.0098877 
5.2981 0.00805664 -0.216797 0.230835 
5.30115 -0.155762 0.0228271 -0.265869 
5.29492 -0.183594 -0.291748 0.0865479 
5.29883 -0.344116 0.129517 0.186768 
5.28882 0.0804443 -0.204468 0.00830078 
5.28687 -0.26123 0.169556 0.000732422 
5.27612 -0.0964355 0.0986328 -0.079834 
5.29297 -0.0483398 0.362793 0.107422 
5.29456 -0.335571 -0.0925293 -0.0825195 
5.271 0.0922852 0.0523682 0.00231934 
5.28796 -0.281128 0.130005 -0.0767822 
5.33875 -0.221313 0.939087 0.288452 
5.28516 0.0789795 0.251953 0.101562 
